 time            v(vbep)         time            v(vben)         time            v(vout)         time            v(vphi1)        time            v(vphi2)        time            v(vref)         yes             currtemp       
 0.00000000e+00  7.96246629e-01  0.00000000e+00  7.52906736e-01  0.00000000e+00  1.15124960e-01  0.00000000e+00  0.00000000e+00  0.00000000e+00  1.79996700e+00  0.00000000e+00  5.00000000e-01  1.00000000e+00 -3.60000000e+01 
 5.00000000e-12  7.96227242e-01  5.00000000e-12  7.52890594e-01  5.00000000e-12  1.15600811e-01  5.00000000e-12  1.80000000e-02  5.00000000e-12  1.80004603e+00  5.00000000e-12  5.00000000e-01                                 
 1.00000000e-11  7.96208267e-01  1.00000000e-11  7.52874824e-01  1.00000000e-11  1.16022588e-01  1.00000000e-11  3.60000000e-02  1.00000000e-11  1.80008496e+00  1.00000000e-11  5.00000000e-01                                 
 2.00000000e-11  7.96170550e-01  2.00000000e-11  7.52843387e-01  2.00000000e-11  1.16788082e-01  2.00000000e-11  7.20000000e-02  2.00000000e-11  1.80012059e+00  2.00000000e-11  5.00000000e-01                                 
 4.00000000e-11  7.96095529e-01  4.00000000e-11  7.52780726e-01  4.00000000e-11  1.17958402e-01  4.00000000e-11  1.44000000e-01  4.00000000e-11  1.80010077e+00  4.00000000e-11  5.00000000e-01                                 
 8.00000000e-11  7.95946145e-01  8.00000000e-11  7.52655894e-01  8.00000000e-11  1.19480546e-01  8.00000000e-11  2.88000000e-01  8.00000000e-11  1.80005571e+00  8.00000000e-11  5.00000000e-01                                 
 1.60000000e-10  7.95650201e-01  1.60000000e-10  7.52408211e-01  1.60000000e-10  1.21284994e-01  1.60000000e-10  5.76000000e-01  1.60000000e-10  1.80001800e+00  1.60000000e-10  5.00000000e-01                                 
 3.20000000e-10  7.95069046e-01  3.20000000e-10  7.51920509e-01  3.20000000e-10  1.49211724e-01  3.20000000e-10  1.15200000e+00  3.20000000e-10  1.79983678e+00  3.20000000e-10  5.00000000e-01                                 
 5.00000000e-10  7.94431858e-01  5.00000000e-10  7.51383719e-01  5.00000000e-10  5.15396833e-01  5.00000000e-10  1.80000000e+00  5.00000000e-10  8.59697708e-02  5.00000000e-10  5.00000000e-01                                 
 5.20607745e-10  7.94360113e-01  5.20607745e-10  7.51323132e-01  5.20607745e-10  5.82285559e-01  5.20607745e-10  1.80000000e+00  5.20607745e-10  1.40443527e-02  5.20607745e-10  5.00000000e-01                                 
 5.61823236e-10  7.94217044e-01  5.61823236e-10  7.51202257e-01  5.61823236e-10  7.00822450e-01  5.61823236e-10  1.80000000e+00  5.61823236e-10 -6.75974372e-03  5.61823236e-10  5.00000000e-01                                 
 6.44254218e-10  7.93933463e-01  6.44254218e-10  7.50962355e-01  6.44254218e-10  8.78163462e-01  6.44254218e-10  1.80000000e+00  6.44254218e-10  6.00343616e-03  6.44254218e-10  5.00000000e-01                                 
 7.69683231e-10  7.93508358e-01  7.69683231e-10  7.50601954e-01  7.69683231e-10  1.08267554e+00  7.69683231e-10  1.80000000e+00  7.69683231e-10 -5.36621136e-03  7.69683231e-10  5.00000000e-01                                 
 9.56246691e-10  7.92889823e-01  9.56246691e-10  7.50075923e-01  9.56246691e-10  1.33212110e+00  9.56246691e-10  1.80000000e+00  9.56246691e-10  5.14947108e-03  9.56246691e-10  5.00000000e-01                                 
 1.32937361e-09  7.91698957e-01  1.32937361e-09  7.49057821e-01  1.32937361e-09  1.68235186e+00  1.32937361e-09  1.80000000e+00  1.32937361e-09 -4.92284069e-03  1.32937361e-09  5.00000000e-01                                 
 1.98362439e-09  7.89744540e-01  1.98362439e-09  7.47372210e-01  1.98362439e-09  1.92975484e+00  1.98362439e-09  1.80000000e+00  1.98362439e-09  4.91367282e-03  1.98362439e-09  5.00000000e-01                                 
 2.22499339e-09  7.89063473e-01  2.22499339e-09  7.46780367e-01  2.22499339e-09  1.95220323e+00  2.22499339e-09  1.80000000e+00  2.22499339e-09 -4.63585350e-03  2.22499339e-09  5.00000000e-01                                 
 2.52548538e-09  7.88242251e-01  2.52548538e-09  7.46063889e-01  2.52548538e-09  1.96550759e+00  2.52548538e-09  1.80000000e+00  2.52548538e-09  4.51963457e-03  2.52548538e-09  5.00000000e-01                                 
 2.87310980e-09  7.87326713e-01  2.87310980e-09  7.45261540e-01  2.87310980e-09  1.97152506e+00  2.87310980e-09  1.80000000e+00  2.87310980e-09 -4.34606576e-03  2.87310980e-09  5.00000000e-01                                 
 3.56835864e-09  7.85595107e-01  3.56835864e-09  7.43734218e-01  3.56835864e-09  1.97343591e+00  3.56835864e-09  1.80000000e+00  3.56835864e-09  4.30913086e-03  3.56835864e-09  5.00000000e-01                                 
 4.54804327e-09  7.83351897e-01  4.54804327e-09  7.41737286e-01  4.54804327e-09  1.97039351e+00  4.54804327e-09  1.80000000e+00  4.54804327e-09 -4.23883679e-03  4.54804327e-09  5.00000000e-01                                 
 6.17718081e-09  7.80031324e-01  6.17718081e-09  7.38746672e-01  6.17718081e-09  1.96518592e+00  6.17718081e-09  1.80000000e+00  6.17718081e-09  4.23816415e-03  6.17718081e-09  5.00000000e-01                                 
 8.46727476e-09  7.76020020e-01  8.46727476e-09  7.35084745e-01  8.46727476e-09  1.96007250e+00  8.46727476e-09  1.80000000e+00  8.46727476e-09 -4.18691565e-03  8.46727476e-09  5.00000000e-01                                 
 9.69970557e-09  7.74111077e-01  9.69970557e-09  7.33324636e-01  9.69970557e-09  1.95816757e+00  9.69970557e-09  1.80000000e+00  9.69970557e-09  4.17707585e-03  9.69970557e-09  5.00000000e-01                                 
 1.14509698e-08  7.71618904e-01  1.14509698e-08  7.31014243e-01  1.14509698e-08  1.95488318e+00  1.14509698e-08  1.80000000e+00  1.14509698e-08 -4.13037688e-03  1.14509698e-08  5.00000000e-01                                 
 1.32879599e-08  7.69232823e-01  1.32879599e-08  7.28791035e-01  1.32879599e-08  1.95103518e+00  1.32879599e-08  1.80000000e+00  1.32879599e-08  4.12516441e-03  1.32879599e-08  5.00000000e-01                                 
 1.69619401e-08  7.64978632e-01  1.69619401e-08  7.24809142e-01  1.69619401e-08  1.94312623e+00  1.69619401e-08  1.80000000e+00  1.69619401e-08 -4.09666205e-03  1.69619401e-08  5.00000000e-01                                 
 2.03467542e-08  7.61536496e-01  2.03467542e-08  7.21575506e-01  2.03467542e-08  1.93556769e+00  2.03467542e-08  1.80000000e+00  2.03467542e-08  4.09937647e-03  2.03467542e-08  5.00000000e-01                                 
 2.71163825e-08  7.55562549e-01  2.71163825e-08  7.15957203e-01  2.71163825e-08  1.91972254e+00  2.71163825e-08  1.80000000e+00  2.71163825e-08 -4.07777256e-03  2.71163825e-08  5.00000000e-01                                 
 3.52771178e-08  7.49505299e-01  3.52771178e-08  7.10267258e-01  3.52771178e-08  1.90114426e+00  3.52771178e-08  1.80000000e+00  3.52771178e-08  4.08772214e-03  3.52771178e-08  5.00000000e-01                                 
 5.15985884e-08  7.39661239e-01  5.15985884e-08  7.01061120e-01  5.15985884e-08  1.86749799e+00  5.15985884e-08  1.80000000e+00  5.15985884e-08 -4.06971634e-03  5.15985884e-08  5.00000000e-01                                 
 7.65412603e-08  7.28734192e-01  7.65412603e-08  6.90846433e-01  7.65412603e-08  1.82342912e+00  7.65412603e-08  1.80000000e+00  7.65412603e-08  4.08346997e-03  7.65412603e-08  5.00000000e-01                                 
 1.03798381e-07  7.30777515e-01  1.03798381e-07  6.91204753e-01  1.03798381e-07  1.82600887e+00  1.03798381e-07  1.80000000e+00  1.03798381e-07 -4.06599401e-03  1.03798381e-07  5.00000000e-01                                 
 1.26949680e-07  7.30365241e-01  1.26949680e-07  6.90015995e-01  1.26949680e-07  1.80741786e+00  1.26949680e-07  1.80000000e+00  1.26949680e-07  4.07984379e-03  1.26949680e-07  5.00000000e-01                                 
 1.51538025e-07  7.22017688e-01  1.51538025e-07  6.82624475e-01  1.51538025e-07  1.77366205e+00  1.51538025e-07  1.80000000e+00  1.51538025e-07 -4.06256302e-03  1.51538025e-07  5.00000000e-01                                 
 1.72030728e-07  7.18375691e-01  1.72030728e-07  6.79171084e-01  1.72030728e-07  1.75426760e+00  1.72030728e-07  1.80000000e+00  1.72030728e-07  4.07608230e-03  1.72030728e-07  5.00000000e-01                                 
 1.93444717e-07  7.14516096e-01  1.93444717e-07  6.75583387e-01  1.93444717e-07  1.73081389e+00  1.93444717e-07  1.80000000e+00  1.93444717e-07 -4.05849727e-03  1.93444717e-07  5.00000000e-01                                 
 2.26619365e-07  7.08462773e-01  2.26619365e-07  6.70068633e-01  2.26619365e-07  1.69434433e+00  2.26619365e-07  1.80000000e+00  2.26619365e-07  4.07278334e-03  2.26619365e-07  5.00000000e-01                                 
 2.68713292e-07  7.02213931e-01  2.68713292e-07  6.64347063e-01  2.68713292e-07  1.64891634e+00  2.68713292e-07  1.80000000e+00  2.68713292e-07 -4.05613951e-03  2.68713292e-07  5.00000000e-01                                 
 3.38732374e-07  6.92954804e-01  3.38732374e-07  6.55973787e-01  3.38732374e-07  1.57359065e+00  3.38732374e-07  1.80000000e+00  3.38732374e-07  4.07115729e-03  3.38732374e-07  5.00000000e-01                                 
 4.53570757e-07  6.80611068e-01  4.53570757e-07  6.44925745e-01  4.53570757e-07  1.44929647e+00  4.53570757e-07  1.80000000e+00  4.53570757e-07 -4.05510730e-03  4.53570757e-07  5.00000000e-01                                 
 6.50785301e-07  6.63694857e-01  6.50785301e-07  6.30050868e-01  6.50785301e-07  1.23782536e+00  6.50785301e-07  1.80000000e+00  6.50785301e-07  4.07058547e-03  6.50785301e-07  5.00000000e-01                                 
 1.04521439e-06  6.39359096e-01  1.04521439e-06  6.09044661e-01  1.04521439e-06  8.46377693e-01  1.04521439e-06  1.80000000e+00  1.04521439e-06 -4.05470942e-03  1.04521439e-06  5.00000000e-01                                 
 1.49894676e-06  6.21885288e-01  1.49894676e-06  5.94107366e-01  1.49894676e-06  5.84023959e-01  1.49894676e-06  1.80000000e+00  1.49894676e-06  4.07041199e-03  1.49894676e-06  5.00000000e-01                                 
 2.04567929e-06  6.08898415e-01  2.04567929e-06  5.82963038e-01  2.04567929e-06  5.10658699e-01  2.04567929e-06  1.80000000e+00  2.04567929e-06 -4.05467140e-03  2.04567929e-06  5.00000000e-01                                 
 2.11520982e-06  6.07751700e-01  2.11520982e-06  5.81968508e-01  2.11520982e-06  5.09151322e-01  2.11520982e-06  1.80000000e+00  2.11520982e-06 -1.44761975e-07  2.11520982e-06  5.00000000e-01                                 
 2.25427088e-06  6.05608103e-01  2.25427088e-06  5.80103695e-01  2.25427088e-06  5.06399685e-01  2.25427088e-06  1.80000000e+00  2.25427088e-06  1.44007217e-07  2.25427088e-06  5.00000000e-01                                 
 2.53239300e-06  6.02252608e-01  2.53239300e-06  5.77141290e-01  2.53239300e-06  5.02688962e-01  2.53239300e-06  1.80000000e+00  2.53239300e-06 -1.42500641e-07  2.53239300e-06  5.00000000e-01                                 
 3.08863723e-06  6.00118230e-01  3.08863723e-06  5.74931167e-01  3.08863723e-06  5.00905717e-01  3.08863723e-06  1.80000000e+00  3.08863723e-06  1.49279827e-07  3.08863723e-06  5.00000000e-01                                 
 3.16931061e-06  6.00511969e-01  3.16931061e-06  5.75177648e-01  3.16931061e-06  5.01318233e-01  3.16931061e-06  1.80000000e+00  3.16931061e-06  6.18257018e-09  3.16931061e-06  5.00000000e-01                                 
 3.33065737e-06  6.01851537e-01  3.33065737e-06  5.76112867e-01  3.33065737e-06  5.02662126e-01  3.33065737e-06  1.80000000e+00  3.33065737e-06  8.34876332e-09  3.33065737e-06  5.00000000e-01                                 
 3.65335090e-06  6.12249427e-01  3.65335090e-06  5.84151343e-01  3.65335090e-06  5.10618364e-01  3.65335090e-06  1.80000000e+00  3.65335090e-06  2.14568950e-08  3.65335090e-06  5.00000000e-01                                 
 3.73402428e-06  6.19314127e-01  3.73402428e-06  5.89728644e-01  3.73402428e-06  5.14191931e-01  3.73402428e-06  1.80000000e+00  3.73402428e-06  3.26727446e-08  3.73402428e-06  5.00000000e-01                                 
 3.75419262e-06  6.21310081e-01  3.75419262e-06  5.91306693e-01  3.75419262e-06  5.15116409e-01  3.75419262e-06  1.80000000e+00  3.75419262e-06  3.64034529e-08  3.75419262e-06  5.00000000e-01                                 
 3.79452932e-06  6.25949114e-01  3.79452932e-06  5.94980428e-01  3.79452932e-06  5.17180644e-01  3.79452932e-06  1.80000000e+00  3.79452932e-06  4.68728161e-08  3.79452932e-06  5.00000000e-01                                 
 3.87520270e-06  6.42545168e-01  3.87520270e-06  6.08183707e-01  3.87520270e-06  5.24822871e-01  3.87520270e-06  1.80000000e+00  3.87520270e-06  9.58734647e-08  3.87520270e-06  5.00000000e-01                                 
 3.89537104e-06  6.49808403e-01  3.89537104e-06  6.13977577e-01  3.89537104e-06  5.28360007e-01  3.89537104e-06  1.80000000e+00  3.89537104e-06  1.22560929e-07  3.89537104e-06  5.00000000e-01                                 
 3.93570773e-06  6.70036612e-01  3.93570773e-06  6.30141523e-01  3.93570773e-06  5.38820753e-01  3.93570773e-06  1.80000000e+00  3.93570773e-06  2.18991082e-07  3.93570773e-06  5.00000000e-01                                 
 3.94579190e-06  6.77862044e-01  3.94579190e-06  6.36408264e-01  3.94579190e-06  5.43152128e-01  3.94579190e-06  1.80000000e+00  3.94579190e-06  2.64975033e-07  3.94579190e-06  5.00000000e-01                                 
 3.96596025e-06  6.97272299e-01  3.96596025e-06  6.51998815e-01  3.96596025e-06  5.54317620e-01  3.96596025e-06  1.80000000e+00  3.96596025e-06  3.99444827e-07  3.96596025e-06  5.00000000e-01                                 
 4.00629694e-06  7.81084226e-01  4.00629694e-06  7.29496273e-01  4.00629694e-06  6.10993589e-01  4.00629694e-06  1.80000000e+00  4.00629694e-06  1.21143770e-06  4.00629694e-06  5.00000000e-01                                 
 4.05735470e-06  8.59172095e-01  4.05735470e-06  8.14175828e-01  4.05735470e-06  6.59839100e-01  4.05735470e-06  1.80000000e+00  4.05735470e-06  3.61424673e-07  4.05735470e-06  5.00000000e-01                                 
 4.11108600e-06  9.30930226e-01  4.11108600e-06  8.73365393e-01  4.11108600e-06  6.96104750e-01  4.11108600e-06  1.80000000e+00  4.11108600e-06  8.35440693e-07  4.11108600e-06  5.00000000e-01                                 
 4.16447520e-06  9.59264162e-01  4.16447520e-06  8.90797246e-01  4.16447520e-06  7.00773328e-01  4.16447520e-06  1.80000000e+00  4.16447520e-06 -1.65274432e-07  4.16447520e-06  5.00000000e-01                                 
 4.21123854e-06  9.49137568e-01  4.21123854e-06  8.85095291e-01  4.21123854e-06  6.75006858e-01  4.21123854e-06  1.80000000e+00  4.21123854e-06 -1.03313340e-08  4.21123854e-06  5.00000000e-01                                 
 4.24689143e-06  9.54840565e-01  4.24689143e-06  8.88182566e-01  4.24689143e-06  6.69153237e-01  4.24689143e-06  1.80000000e+00  4.24689143e-06  1.35731044e-07  4.24689143e-06  5.00000000e-01                                 
 4.28456849e-06  9.52424830e-01  4.28456849e-06  8.87084400e-01  4.28456849e-06  6.53838942e-01  4.28456849e-06  1.80000000e+00  4.28456849e-06 -1.61696522e-07  4.28456849e-06  5.00000000e-01                                 
 4.32809705e-06  9.52756371e-01  4.32809705e-06  8.86964198e-01  4.32809705e-06  6.42830009e-01  4.32809705e-06  1.80000000e+00  4.32809705e-06  1.98423509e-07  4.32809705e-06  5.00000000e-01                                 
 4.38521689e-06  9.52820295e-01  4.38521689e-06  8.87305274e-01  4.38521689e-06  6.24490555e-01  4.38521689e-06  1.80000000e+00  4.38521689e-06 -2.01885279e-07  4.38521689e-06  5.00000000e-01                                 
 4.48510719e-06  9.50962071e-01  4.48510719e-06  8.85924077e-01  4.48510719e-06  5.97959811e-01  4.48510719e-06  1.80000000e+00  4.48510719e-06  2.13739163e-07  4.48510719e-06  5.00000000e-01                                 
 4.60022851e-06  9.51104927e-01  4.60022851e-06  8.86294823e-01  4.60022851e-06  5.67786987e-01  4.60022851e-06  1.80000000e+00  4.60022851e-06 -2.11951361e-07  4.60022851e-06  5.00000000e-01                                 
 4.77862274e-06  9.47897769e-01  4.77862274e-06  8.84107067e-01  4.77862274e-06  5.31967085e-01  4.77862274e-06  1.80000000e+00  4.77862274e-06  2.21523542e-07  4.77862274e-06  5.00000000e-01                                 
 5.01521801e-06  9.46803882e-01  5.01521801e-06  8.83733308e-01  5.01521801e-06  5.12307125e-01  5.01521801e-06  1.80000000e+00  5.01521801e-06 -2.08699313e-07  5.01521801e-06  5.00000000e-01                                 
 5.29064470e-06  9.41726562e-01  5.29064470e-06  8.80325467e-01  5.29064470e-06  5.07321657e-01  5.29064470e-06  1.80000000e+00  5.29064470e-06  2.06476433e-07  5.29064470e-06  5.00000000e-01                                 
 5.58248974e-06  9.39032509e-01  5.58248974e-06  8.78933173e-01  5.58248974e-06  5.01802857e-01  5.58248974e-06  1.80000000e+00  5.58248974e-06 -2.11814008e-07  5.58248974e-06  5.00000000e-01                                 
 5.64459305e-06  9.36905701e-01  5.64459305e-06  8.77425727e-01  5.64459305e-06  5.00745918e-01  5.64459305e-06  1.80000000e+00  5.64459305e-06 -5.40717361e-09  5.64459305e-06  5.00000000e-01                                 
 5.76879965e-06  9.34404358e-01  5.76879965e-06  8.75797741e-01  5.76879965e-06  4.98504973e-01  5.76879965e-06  1.80000000e+00  5.76879965e-06 -5.60961484e-09  5.76879965e-06  5.00000000e-01                                 
 5.98378739e-06  9.29089172e-01  5.98378739e-06  8.72272499e-01  5.98378739e-06  4.93638647e-01  5.98378739e-06  1.80000000e+00  5.98378739e-06 -1.00533191e-08  5.98378739e-06  5.00000000e-01                                 
 6.20629810e-06  9.21501387e-01  6.20629810e-06  8.67009718e-01  6.20629810e-06  4.86813330e-01  6.20629810e-06  1.80000000e+00  6.20629810e-06 -1.53686342e-08  6.20629810e-06  5.00000000e-01                                 
 6.65131954e-06  8.95791507e-01  6.65131954e-06  8.47244001e-01  6.65131954e-06  4.80316317e-01  6.65131954e-06  1.80000000e+00  6.65131954e-06 -3.39699733e-08  6.65131954e-06  5.00000000e-01                                 
 6.73137198e-06  8.90190954e-01  6.73137198e-06  8.42523230e-01  6.73137198e-06  4.81377227e-01  6.73137198e-06  1.80000000e+00  6.73137198e-06 -3.25402806e-08  6.73137198e-06  5.00000000e-01                                 
 6.89147686e-06  8.81386309e-01  6.89147686e-06  8.34846575e-01  6.89147686e-06  4.83927840e-01  6.89147686e-06  1.80000000e+00  6.89147686e-06 -1.82728136e-08  6.89147686e-06  5.00000000e-01                                 
 7.21168663e-06  8.75137889e-01  7.21168663e-06  8.29222858e-01  7.21168663e-06  4.90878483e-01  7.21168663e-06  1.80000000e+00  7.21168663e-06  5.82827657e-09  7.21168663e-06  5.00000000e-01                                 
 7.69344549e-06  8.75341065e-01  7.69344549e-06  8.29406054e-01  7.69344549e-06  4.98041661e-01  7.69344549e-06  1.80000000e+00  7.69344549e-06  3.99809138e-09  7.69344549e-06  5.00000000e-01                                 
 8.16659073e-06  8.75287822e-01  8.16659073e-06  8.29359376e-01  8.16659073e-06  5.00176496e-01  8.16659073e-06  1.80000000e+00  8.16659073e-06  5.35996320e-09  8.16659073e-06  5.00000000e-01                                 
 9.11288120e-06  8.75298506e-01  9.11288120e-06  8.29367323e-01  9.11288120e-06  5.01804091e-01  9.11288120e-06  1.80000000e+00  9.11288120e-06  4.20055063e-09  9.11288120e-06  5.00000000e-01                                 
 1.00005000e-05  8.75298372e-01  1.00005000e-05  8.29368973e-01  1.00005000e-05  5.02539303e-01  1.00005000e-05  1.80000000e+00  1.00005000e-05  5.34106717e-09  1.00005000e-05  5.00000000e-01                                 
 1.00005500e-05  8.75297968e-01  1.00005500e-05  8.29368529e-01  1.00005500e-05  4.94622724e-01  1.00005500e-05  1.62000000e+00  1.00005500e-05 -5.75461349e-05  1.00005500e-05  5.00000000e-01                                 
 1.00006500e-05  8.75297145e-01  1.00006500e-05  8.29367695e-01  1.00006500e-05  4.81318252e-01  1.00006500e-05  1.26000000e+00  1.00006500e-05 -3.80715553e-05  1.00006500e-05  5.00000000e-01                                 
 1.00008500e-05  8.75295828e-01  1.00008500e-05  8.29366378e-01  1.00008500e-05  4.81230572e-01  1.00008500e-05  5.40000000e-01  1.00008500e-05  1.12558209e-04  1.00008500e-05  5.00000000e-01                                 
 1.00010000e-05  8.75294985e-01  1.00010000e-05  8.29365552e-01  1.00010000e-05  4.48072388e-01  1.00010000e-05  0.00000000e+00  1.00010000e-05  1.54014573e+00  1.00010000e-05  5.00000000e-01                                 
 1.00010120e-05  8.75294867e-01  1.00010120e-05  8.29365465e-01  1.00010120e-05  4.33319080e-01  1.00010120e-05  0.00000000e+00  1.00010120e-05  1.65995287e+00  1.00010120e-05  5.00000000e-01                                 
 1.00010361e-05  8.75294618e-01  1.00010361e-05  8.29365279e-01  1.00010361e-05  3.92891365e-01  1.00010361e-05  0.00000000e+00  1.00010361e-05  1.78843507e+00  1.00010361e-05  5.00000000e-01                                 
 1.00010843e-05  8.75294300e-01  1.00010843e-05  8.29364960e-01  1.00010843e-05  3.02383856e-01  1.00010843e-05  0.00000000e+00  1.00010843e-05  1.80129240e+00  1.00010843e-05  5.00000000e-01                                 
 1.00011512e-05  8.75294186e-01  1.00011512e-05  8.29364713e-01  1.00011512e-05  2.31064184e-01  1.00011512e-05  0.00000000e+00  1.00011512e-05  1.79506277e+00  1.00011512e-05  5.00000000e-01                                 
 1.00012313e-05  8.75294153e-01  1.00012313e-05  8.29364597e-01  1.00012313e-05  2.07357418e-01  1.00012313e-05  0.00000000e+00  1.00012313e-05  1.80129046e+00  1.00012313e-05  5.00000000e-01                                 
 1.00013651e-05  8.75294118e-01  1.00013651e-05  8.29364501e-01  1.00013651e-05  2.05668648e-01  1.00013651e-05  0.00000000e+00  1.00013651e-05  1.79804055e+00  1.00013651e-05  5.00000000e-01                                 
 1.00015076e-05  8.75293953e-01  1.00015076e-05  8.29364335e-01  1.00015076e-05  2.08461107e-01  1.00015076e-05  0.00000000e+00  1.00015076e-05  1.80143792e+00  1.00015076e-05  5.00000000e-01                                 
 1.00017751e-05  8.75293368e-01  1.00017751e-05  8.29363783e-01  1.00017751e-05  2.09052132e-01  1.00017751e-05  0.00000000e+00  1.00017751e-05  1.79863150e+00  1.00017751e-05  5.00000000e-01                                 
 1.00020567e-05  8.75292561e-01  1.00020567e-05  8.29363033e-01  1.00020567e-05  2.09329954e-01  1.00020567e-05  0.00000000e+00  1.00020567e-05  1.80128069e+00  1.00020567e-05  5.00000000e-01                                 
 1.00026199e-05  8.75291345e-01  1.00026199e-05  8.29361850e-01  1.00026199e-05  2.09361196e-01  1.00026199e-05  0.00000000e+00  1.00026199e-05  1.79877171e+00  1.00026199e-05  5.00000000e-01                                 
 1.00036512e-05  8.75292083e-01  1.00036512e-05  8.29362308e-01  1.00036512e-05  2.09582479e-01  1.00036512e-05  0.00000000e+00  1.00036512e-05  1.80120802e+00  1.00036512e-05  5.00000000e-01                                 
 1.00057137e-05  8.75302586e-01  1.00057137e-05  8.29371533e-01  1.00057137e-05  2.09621846e-01  1.00057137e-05  0.00000000e+00  1.00057137e-05  1.79880780e+00  1.00057137e-05  5.00000000e-01                                 
 1.00098387e-05  8.75327305e-01  1.00098387e-05  8.29394081e-01  1.00098387e-05  2.09903654e-01  1.00098387e-05  0.00000000e+00  1.00098387e-05  1.80118987e+00  1.00098387e-05  5.00000000e-01                                 
 1.00180887e-05  8.75335301e-01  1.00180887e-05  8.29401843e-01  1.00180887e-05  2.09998255e-01  1.00180887e-05  0.00000000e+00  1.00180887e-05  1.79881675e+00  1.00180887e-05  5.00000000e-01                                 
 1.00345887e-05  8.75303743e-01  1.00345887e-05  8.29373053e-01  1.00345887e-05  2.11124657e-01  1.00345887e-05  0.00000000e+00  1.00345887e-05  1.80118540e+00  1.00345887e-05  5.00000000e-01                                 
 1.00572017e-05  8.75285435e-01  1.00572017e-05  8.29356338e-01  1.00572017e-05  2.12856422e-01  1.00572017e-05  0.00000000e+00  1.00572017e-05  1.79881931e+00  1.00572017e-05  5.00000000e-01                                 
 1.00851007e-05  8.75283920e-01  1.00851007e-05  8.29354924e-01  1.00851007e-05  2.40170755e-01  1.00851007e-05  0.00000000e+00  1.00851007e-05  1.80118343e+00  1.00851007e-05  5.00000000e-01                                 
 1.01191756e-05  8.75293569e-01  1.01191756e-05  8.29363699e-01  1.01191756e-05  2.92385302e-01  1.01191756e-05  0.00000000e+00  1.01191756e-05  1.79882091e+00  1.01191756e-05  5.00000000e-01                                 
 1.01623705e-05  8.75291301e-01  1.01623705e-05  8.29361679e-01  1.01623705e-05  3.21372931e-01  1.01623705e-05  0.00000000e+00  1.01623705e-05  1.80118212e+00  1.01623705e-05  5.00000000e-01                                 
 1.02053380e-05  8.75294175e-01  1.02053380e-05  8.29364238e-01  1.02053380e-05  3.40434656e-01  1.02053380e-05  0.00000000e+00  1.02053380e-05  1.79882206e+00  1.02053380e-05  5.00000000e-01                                 
 1.02803141e-05  8.75294637e-01  1.02803141e-05  8.29364719e-01  1.02803141e-05  3.80003424e-01  1.02803141e-05  0.00000000e+00  1.02803141e-05  1.80118122e+00  1.02803141e-05  5.00000000e-01                                 
 1.03965797e-05  8.75295999e-01  1.03965797e-05  8.29365898e-01  1.03965797e-05  4.42994591e-01  1.03965797e-05  0.00000000e+00  1.03965797e-05  1.79882260e+00  1.03965797e-05  5.00000000e-01                                 
 1.06291110e-05  8.75296331e-01  1.06291110e-05  8.29366261e-01  1.06291110e-05  5.58965838e-01  1.06291110e-05  0.00000000e+00  1.06291110e-05  1.80118089e+00  1.06291110e-05  5.00000000e-01                                 
 1.10941737e-05  8.75296457e-01  1.10941737e-05  8.29366315e-01  1.10941737e-05  7.05270669e-01  1.10941737e-05  0.00000000e+00  1.10941737e-05  1.79882276e+00  1.10941737e-05  5.00000000e-01                                 
 1.20242990e-05  8.75296448e-01  1.20242990e-05  8.29366368e-01  1.20242990e-05  7.84491924e-01  1.20242990e-05  0.00000000e+00  1.20242990e-05  1.80118081e+00  1.20242990e-05  5.00000000e-01                                 
 1.30242990e-05  8.75296420e-01  1.30242990e-05  8.29366282e-01  1.30242990e-05  7.88504828e-01  1.30242990e-05  0.00000000e+00  1.30242990e-05  1.79882281e+00  1.30242990e-05  5.00000000e-01                                 
 1.40242990e-05  8.75296458e-01  1.40242990e-05  8.29366377e-01  1.40242990e-05  7.92145382e-01  1.40242990e-05  0.00000000e+00  1.40242990e-05  1.80118076e+00  1.40242990e-05  5.00000000e-01                                 
 1.50242990e-05  8.75296400e-01  1.50242990e-05  8.29366264e-01  1.50242990e-05  7.95141580e-01  1.50242990e-05  0.00000000e+00  1.50242990e-05  1.79882286e+00  1.50242990e-05  5.00000000e-01                                 
 1.60242990e-05  8.75296473e-01  1.60242990e-05  8.29366390e-01  1.60242990e-05  7.97626042e-01  1.60242990e-05  0.00000000e+00  1.60242990e-05  1.80118071e+00  1.60242990e-05  5.00000000e-01                                 
 1.70242990e-05  8.75296400e-01  1.70242990e-05  8.29366264e-01  1.70242990e-05  7.99714775e-01  1.70242990e-05  0.00000000e+00  1.70242990e-05  1.79882291e+00  1.70242990e-05  5.00000000e-01                                 
 1.80242990e-05  8.75296499e-01  1.80242990e-05  8.29366413e-01  1.80242990e-05  8.01537893e-01  1.80242990e-05  0.00000000e+00  1.80242990e-05  1.80118066e+00  1.80242990e-05  5.00000000e-01                                 
 1.90242990e-05  8.75296376e-01  1.90242990e-05  8.29366243e-01  1.90242990e-05  8.03121279e-01  1.90242990e-05  0.00000000e+00  1.90242990e-05  1.79882296e+00  1.90242990e-05  5.00000000e-01                                 
 2.00000000e-05  8.75296506e-01  2.00000000e-05  8.29366419e-01  2.00000000e-05  8.04524748e-01  2.00000000e-05  0.00000000e+00  2.00000000e-05  1.80118061e+00  2.00000000e-05  5.00000000e-01                                 
 2.00000500e-05  8.75296490e-01  2.00000500e-05  8.29366403e-01  2.00000500e-05  8.06984001e-01  2.00000500e-05  1.80000000e-01  2.00000500e-05  1.80016295e+00  2.00000500e-05  5.00000000e-01                                 
 2.00001500e-05  8.75296447e-01  2.00001500e-05  8.29366364e-01  2.00001500e-05  8.09539226e-01  2.00001500e-05  5.40000000e-01  2.00001500e-05  1.79993047e+00  2.00001500e-05  5.00000000e-01                                 
 2.00003500e-05  8.75296358e-01  2.00003500e-05  8.29366284e-01  2.00003500e-05  7.44602759e-01  2.00003500e-05  1.26000000e+00  2.00003500e-05  4.18769556e-01  2.00003500e-05  5.00000000e-01                                 
 2.00005000e-05  8.75296601e-01  2.00005000e-05  8.29366426e-01  2.00005000e-05  7.38340731e-01  2.00005000e-05  1.80000000e+00  2.00005000e-05 -2.38995912e-02  2.00005000e-05  5.00000000e-01                                 
 2.00005202e-05  8.75296550e-01  2.00005202e-05  8.29366415e-01  2.00005202e-05  7.36150150e-01  2.00005202e-05  1.80000000e+00  2.00005202e-05 -2.15291756e-03  2.00005202e-05  5.00000000e-01                                 
 2.00005607e-05  8.75296446e-01  2.00005607e-05  8.29366376e-01  2.00005607e-05  7.27077930e-01  2.00005607e-05  1.80000000e+00  2.00005607e-05  2.39504313e-03  2.00005607e-05  5.00000000e-01                                 
 2.00006416e-05  8.75296251e-01  2.00006416e-05  8.29366234e-01  2.00006416e-05  7.00676282e-01  2.00006416e-05  1.80000000e+00  2.00006416e-05 -1.53988003e-03  2.00006416e-05  5.00000000e-01                                 
 2.00007227e-05  8.75296077e-01  2.00007227e-05  8.29366077e-01  2.00007227e-05  6.77019808e-01  2.00007227e-05  1.80000000e+00  2.00007227e-05  1.66222434e-03  2.00007227e-05  5.00000000e-01                                 
 2.00008304e-05  8.75295910e-01  2.00008304e-05  8.29365915e-01  2.00008304e-05  6.53999678e-01  2.00008304e-05  1.80000000e+00  2.00008304e-05 -1.35744781e-03  2.00008304e-05  5.00000000e-01                                 
 2.00009643e-05  8.75295811e-01  2.00009643e-05  8.29365803e-01  2.00009643e-05  6.36354770e-01  2.00009643e-05  1.80000000e+00  2.00009643e-05  1.32078863e-03  2.00009643e-05  5.00000000e-01                                 
 2.00011453e-05  8.75295825e-01  2.00011453e-05  8.29365787e-01  2.00011453e-05  6.22355272e-01  2.00011453e-05  1.80000000e+00  2.00011453e-05 -1.23642542e-03  2.00011453e-05  5.00000000e-01                                 
 2.00013569e-05  8.75295980e-01  2.00013569e-05  8.29365901e-01  2.00013569e-05  6.13233807e-01  2.00013569e-05  1.80000000e+00  2.00013569e-05  1.17015681e-03  2.00013569e-05  5.00000000e-01                                 
 2.00016480e-05  8.75296280e-01  2.00016480e-05  8.29366153e-01  2.00016480e-05  6.05199182e-01  2.00016480e-05  1.80000000e+00  2.00016480e-05 -1.14070085e-03  2.00016480e-05  5.00000000e-01                                 
 2.00020563e-05  8.75296617e-01  2.00020563e-05  8.29366457e-01  2.00020563e-05  5.98407590e-01  2.00020563e-05  1.80000000e+00  2.00020563e-05  1.10475740e-03  2.00020563e-05  5.00000000e-01                                 
 2.00027819e-05  8.75296436e-01  2.00027819e-05  8.29366346e-01  2.00027819e-05  5.91826462e-01  2.00027819e-05  1.80000000e+00  2.00027819e-05 -1.09255681e-03  2.00027819e-05  5.00000000e-01                                 
 2.00042331e-05  8.75292711e-01  2.00042331e-05  8.29363122e-01  2.00042331e-05  5.87073715e-01  2.00042331e-05  1.80000000e+00  2.00042331e-05  1.08468622e-03  2.00042331e-05  5.00000000e-01                                 
 2.00071353e-05  8.75278315e-01  2.00071353e-05  8.29350186e-01  2.00071353e-05  5.84935292e-01  2.00071353e-05  1.80000000e+00  2.00071353e-05 -1.07978035e-03  2.00071353e-05  5.00000000e-01                                 
 2.00129399e-05  8.75257626e-01  2.00129399e-05  8.29331125e-01  2.00129399e-05  5.85639191e-01  2.00129399e-05  1.80000000e+00  2.00129399e-05  1.07893013e-03  2.00129399e-05  5.00000000e-01                                 
 2.00222459e-05  8.75263884e-01  2.00222459e-05  8.29336541e-01  2.00222459e-05  5.82640639e-01  2.00222459e-05  1.80000000e+00  2.00222459e-05 -1.07726683e-03  2.00222459e-05  5.00000000e-01                                 
 2.00408580e-05  8.75291575e-01  2.00408580e-05  8.29361882e-01  2.00408580e-05  5.66175499e-01  2.00408580e-05  1.80000000e+00  2.00408580e-05  1.07694043e-03  2.00408580e-05  5.00000000e-01                                 
 2.00616121e-05  8.75301407e-01  2.00616121e-05  8.29370815e-01  2.00616121e-05  5.59177088e-01  2.00616121e-05  1.80000000e+00  2.00616121e-05 -1.07582825e-03  2.00616121e-05  5.00000000e-01                                 
 2.00871903e-05  8.75304213e-01  2.00871903e-05  8.29373422e-01  2.00871903e-05  5.48530646e-01  2.00871903e-05  1.80000000e+00  2.00871903e-05  1.07582885e-03  2.00871903e-05  5.00000000e-01                                 
 2.01310748e-05  8.75298814e-01  2.01310748e-05  8.29368486e-01  2.01310748e-05  5.37695648e-01  2.01310748e-05  1.80000000e+00  2.01310748e-05 -1.07509587e-03  2.01310748e-05  5.00000000e-01                                 
 2.01910768e-05  8.75300143e-01  2.01910768e-05  8.29369701e-01  2.01910768e-05  5.28657672e-01  2.01910768e-05  1.80000000e+00  2.01910768e-05  1.07536733e-03  2.01910768e-05  5.00000000e-01                                 
 2.02844738e-05  8.75296375e-01  2.02844738e-05  8.29366274e-01  2.02844738e-05  5.19455406e-01  2.02844738e-05  1.80000000e+00  2.02844738e-05 -1.07479478e-03  2.02844738e-05  5.00000000e-01                                 
 2.04258720e-05  8.75297553e-01  2.04258720e-05  8.29367338e-01  2.04258720e-05  5.14134125e-01  2.04258720e-05  1.80000000e+00  2.04258720e-05  1.07516988e-03  2.04258720e-05  5.00000000e-01                                 
 2.06441707e-05  8.75295607e-01  2.06441707e-05  8.29365578e-01  2.06441707e-05  5.08555580e-01  2.06441707e-05  1.80000000e+00  2.06441707e-05 -1.07466953e-03  2.06441707e-05  5.00000000e-01                                 
 2.09597590e-05  8.75297183e-01  2.09597590e-05  8.29367001e-01  2.09597590e-05  5.07278489e-01  2.09597590e-05  1.80000000e+00  2.09597590e-05  1.07508615e-03  2.09597590e-05  5.00000000e-01                                 
 2.14864879e-05  8.75295702e-01  2.14864879e-05  8.29365665e-01  2.14864879e-05  5.04964376e-01  2.14864879e-05  1.80000000e+00  2.14864879e-05 -1.07461498e-03  2.14864879e-05  5.00000000e-01                                 
 2.21062069e-05  8.75297135e-01  2.21062069e-05  8.29366957e-01  2.21062069e-05  5.04994129e-01  2.21062069e-05  1.80000000e+00  2.21062069e-05  1.07504840e-03  2.21062069e-05  5.00000000e-01                                 
 2.31062069e-05  8.75295759e-01  2.31062069e-05  8.29365717e-01  2.31062069e-05  5.03761125e-01  2.31062069e-05  1.80000000e+00  2.31062069e-05 -1.07458708e-03  2.31062069e-05  5.00000000e-01                                 
 2.41062069e-05  8.75297115e-01  2.41062069e-05  8.29366937e-01  2.41062069e-05  5.04065282e-01  2.41062069e-05  1.80000000e+00  2.41062069e-05  1.07502705e-03  2.41062069e-05  5.00000000e-01                                 
 2.51062069e-05  8.75295781e-01  2.51062069e-05  8.29365737e-01  2.51062069e-05  5.03188516e-01  2.51062069e-05  1.80000000e+00  2.51062069e-05 -1.07456593e-03  2.51062069e-05  5.00000000e-01                                 
 2.61062069e-05  8.75297084e-01  2.61062069e-05  8.29366909e-01  2.61062069e-05  5.03644340e-01  2.61062069e-05  1.80000000e+00  2.61062069e-05  1.07500565e-03  2.61062069e-05  5.00000000e-01                                 
 2.71062069e-05  8.75295812e-01  2.71062069e-05  8.29365766e-01  2.71062069e-05  5.02866347e-01  2.71062069e-05  1.80000000e+00  2.71062069e-05 -1.07454454e-03  2.71062069e-05  5.00000000e-01                                 
 2.81062069e-05  8.75297047e-01  2.81062069e-05  8.29366875e-01  2.81062069e-05  5.03377123e-01  2.81062069e-05  1.80000000e+00  2.81062069e-05  1.07498424e-03  2.81062069e-05  5.00000000e-01                                 
 2.91062069e-05  8.75295839e-01  2.91062069e-05  8.29365791e-01  2.91062069e-05  5.02645878e-01  2.91062069e-05  1.80000000e+00  2.91062069e-05 -1.07452314e-03  2.91062069e-05  5.00000000e-01                                 
 3.00005000e-05  8.75297009e-01  3.00005000e-05  8.29366840e-01  3.00005000e-05  5.03191634e-01  3.00005000e-05  1.80000000e+00  3.00005000e-05  1.07496158e-03  3.00005000e-05  5.00000000e-01                                 
 3.00005500e-05  8.75296994e-01  3.00005500e-05  8.29366833e-01  3.00005500e-05  4.95239894e-01  3.00005500e-05  1.62000000e+00  3.00005500e-05 -2.65117704e-06  3.00005500e-05  5.00000000e-01                                 
 3.00006500e-05  8.75296997e-01  3.00006500e-05  8.29366833e-01  3.00006500e-05  4.81941807e-01  3.00006500e-05  1.26000000e+00  3.00006500e-05 -8.79964744e-05  3.00006500e-05  5.00000000e-01                                 
 3.00008500e-05  8.75297057e-01  3.00008500e-05  8.29366876e-01  3.00008500e-05  4.81897834e-01  3.00008500e-05  5.40000000e-01  3.00008500e-05  1.57693104e-04  3.00008500e-05  5.00000000e-01                                 
 3.00010000e-05  8.75296981e-01  3.00010000e-05  8.29366840e-01  3.00010000e-05  4.48776684e-01  3.00010000e-05  0.00000000e+00  3.00010000e-05  1.54000340e+00  3.00010000e-05  5.00000000e-01                                 
 3.00010120e-05  8.75296921e-01  3.00010120e-05  8.29366808e-01  3.00010120e-05  4.34095494e-01  3.00010120e-05  0.00000000e+00  3.00010120e-05  1.65966278e+00  3.00010120e-05  5.00000000e-01                                 
 3.00010360e-05  8.75296781e-01  3.00010360e-05  8.29366732e-01  3.00010360e-05  3.93829705e-01  3.00010360e-05  0.00000000e+00  3.00010360e-05  1.78819788e+00  3.00010360e-05  5.00000000e-01                                 
 3.00010840e-05  8.75296665e-01  3.00010840e-05  8.29366621e-01  3.00010840e-05  3.03440803e-01  3.00010840e-05  0.00000000e+00  3.00010840e-05  1.80136194e+00  3.00010840e-05  5.00000000e-01                                 
 3.00011508e-05  8.75296810e-01  3.00011508e-05  8.29366640e-01  3.00011508e-05  2.31694199e-01  3.00011508e-05  0.00000000e+00  3.00011508e-05  1.79501875e+00  3.00011508e-05  5.00000000e-01                                 
 3.00012306e-05  8.75297052e-01  3.00012306e-05  8.29366810e-01  3.00012306e-05  2.07726193e-01  3.00012306e-05  0.00000000e+00  3.00012306e-05  1.80129695e+00  3.00012306e-05  5.00000000e-01                                 
 3.00013642e-05  8.75297411e-01  3.00013642e-05  8.29367126e-01  3.00013642e-05  2.05956489e-01  3.00013642e-05  0.00000000e+00  3.00013642e-05  1.79803236e+00  3.00013642e-05  5.00000000e-01                                 
 3.00015063e-05  8.75297585e-01  3.00015063e-05  8.29367321e-01  3.00015063e-05  2.08768822e-01  3.00015063e-05  0.00000000e+00  3.00015063e-05  1.80143993e+00  3.00015063e-05  5.00000000e-01                                 
 3.00017731e-05  8.75297471e-01  3.00017731e-05  8.29367278e-01  3.00017731e-05  2.09369184e-01  3.00017731e-05  0.00000000e+00  3.00017731e-05  1.79862997e+00  3.00017731e-05  5.00000000e-01                                 
 3.00020541e-05  8.75296982e-01  3.00020541e-05  8.29366883e-01  3.00020541e-05  2.09649930e-01  3.00020541e-05  0.00000000e+00  3.00020541e-05  1.80128118e+00  3.00020541e-05  5.00000000e-01                                 
 3.00026163e-05  8.75296081e-01  3.00026163e-05  8.29366075e-01  3.00026163e-05  2.09686318e-01  3.00026163e-05  0.00000000e+00  3.00026163e-05  1.79877164e+00  3.00026163e-05  5.00000000e-01                                 
 3.00036396e-05  8.75296846e-01  3.00036396e-05  8.29366632e-01  3.00036396e-05  2.09913711e-01  3.00036396e-05  0.00000000e+00  3.00036396e-05  1.80120771e+00  3.00036396e-05  5.00000000e-01                                 
 3.00056863e-05  8.75306801e-01  3.00056863e-05  8.29375388e-01  3.00056863e-05  2.09958621e-01  3.00056863e-05  0.00000000e+00  3.00056863e-05  1.79880826e+00  3.00056863e-05  5.00000000e-01                                 
 3.00097797e-05  8.75330740e-01  3.00097797e-05  8.29397208e-01  3.00097797e-05  2.10234808e-01  3.00097797e-05  0.00000000e+00  3.00097797e-05  1.80118930e+00  3.00097797e-05  5.00000000e-01                                 
 3.00179664e-05  8.75339167e-01  3.00179664e-05  8.29405352e-01  3.00179664e-05  2.10276535e-01  3.00179664e-05  0.00000000e+00  3.00179664e-05  1.79881733e+00  3.00179664e-05  5.00000000e-01                                 
 3.00343398e-05  8.75308264e-01  3.00343398e-05  8.29377172e-01  3.00343398e-05  2.11269231e-01  3.00343398e-05  0.00000000e+00  3.00343398e-05  1.80118476e+00  3.00343398e-05  5.00000000e-01                                 
 3.00571567e-05  8.75288595e-01  3.00571567e-05  8.29359216e-01  3.00571567e-05  2.12720955e-01  3.00571567e-05  0.00000000e+00  3.00571567e-05  1.79881991e+00  3.00571567e-05  5.00000000e-01                                 
 3.00853299e-05  8.75286619e-01  3.00853299e-05  8.29357379e-01  3.00853299e-05  2.17350696e-01  3.00853299e-05  0.00000000e+00  3.00853299e-05  1.80118279e+00  3.00853299e-05  5.00000000e-01                                 
 3.01241291e-05  8.75295869e-01  3.01241291e-05  8.29365796e-01  3.01241291e-05  2.58875213e-01  3.01241291e-05  0.00000000e+00  3.01241291e-05  1.79882145e+00  3.01241291e-05  5.00000000e-01                                 
 3.01734728e-05  8.75292467e-01  3.01734728e-05  8.29362736e-01  3.01734728e-05  3.09675113e-01  3.01734728e-05  0.00000000e+00  3.01734728e-05  1.80118162e+00  3.01734728e-05  5.00000000e-01                                 
 3.02275972e-05  8.75295960e-01  3.02275972e-05  8.29365865e-01  3.02275972e-05  3.25986322e-01  3.02275972e-05  0.00000000e+00  3.02275972e-05  1.79882241e+00  3.02275972e-05  5.00000000e-01                                 
 3.03037759e-05  8.75294962e-01  3.03037759e-05  8.29365015e-01  3.03037759e-05  3.67135180e-01  3.03037759e-05  0.00000000e+00  3.03037759e-05  1.80118084e+00  3.03037759e-05  5.00000000e-01                                 
 3.03754573e-05  8.75296278e-01  3.03754573e-05  8.29366152e-01  3.03754573e-05  4.08158487e-01  3.03754573e-05  0.00000000e+00  3.03754573e-05  1.79882308e+00  3.03754573e-05  5.00000000e-01                                 
 3.05188200e-05  8.75296172e-01  3.05188200e-05  8.29366117e-01  3.05188200e-05  4.82372663e-01  3.05188200e-05  0.00000000e+00  3.05188200e-05  1.80118032e+00  3.05188200e-05  5.00000000e-01                                 
 3.07934080e-05  8.75296496e-01  3.07934080e-05  8.29366351e-01  3.07934080e-05  6.09781581e-01  3.07934080e-05  0.00000000e+00  3.07934080e-05  1.79882334e+00  3.07934080e-05  5.00000000e-01                                 
 3.12360260e-05  8.75296417e-01  3.12360260e-05  8.29366339e-01  3.12360260e-05  7.24497081e-01  3.12360260e-05  0.00000000e+00  3.12360260e-05  1.80118017e+00  3.12360260e-05  5.00000000e-01                                 
 3.21212618e-05  8.75296458e-01  3.21212618e-05  8.29366316e-01  3.21212618e-05  7.83207677e-01  3.21212618e-05  0.00000000e+00  3.21212618e-05  1.79882343e+00  3.21212618e-05  5.00000000e-01                                 
 3.30289473e-05  8.75296417e-01  3.30289473e-05  8.29366339e-01  3.30289473e-05  7.85397711e-01  3.30289473e-05  0.00000000e+00  3.30289473e-05  1.80118012e+00  3.30289473e-05  5.00000000e-01                                 
 3.40289473e-05  8.75296445e-01  3.40289473e-05  8.29366305e-01  3.40289473e-05  7.87762798e-01  3.40289473e-05  0.00000000e+00  3.40289473e-05  1.79882348e+00  3.40289473e-05  5.00000000e-01                                 
 3.50289473e-05  8.75296455e-01  3.50289473e-05  8.29366374e-01  3.50289473e-05  7.89985701e-01  3.50289473e-05  0.00000000e+00  3.50289473e-05  1.80118007e+00  3.50289473e-05  5.00000000e-01                                 
 3.60289473e-05  8.75296392e-01  3.60289473e-05  8.29366257e-01  3.60289473e-05  7.91949378e-01  3.60289473e-05  0.00000000e+00  3.60289473e-05  1.79882353e+00  3.60289473e-05  5.00000000e-01                                 
 3.70289473e-05  8.75296485e-01  3.70289473e-05  8.29366401e-01  3.70289473e-05  7.93676435e-01  3.70289473e-05  0.00000000e+00  3.70289473e-05  1.80118002e+00  3.70289473e-05  5.00000000e-01                                 
 3.80289473e-05  8.75296375e-01  3.80289473e-05  8.29366241e-01  3.80289473e-05  7.95219451e-01  3.80289473e-05  0.00000000e+00  3.80289473e-05  1.79882358e+00  3.80289473e-05  5.00000000e-01                                 
 3.90289473e-05  8.75296510e-01  3.90289473e-05  8.29366424e-01  3.90289473e-05  7.96606464e-01  3.90289473e-05  0.00000000e+00  3.90289473e-05  1.80117997e+00  3.90289473e-05  5.00000000e-01                                 
 4.00000000e-05  8.75296340e-01  4.00000000e-05  8.29366209e-01  4.00000000e-05  7.97828954e-01  4.00000000e-05  0.00000000e+00  4.00000000e-05  1.79882363e+00  4.00000000e-05  5.00000000e-01                                 
 4.00000500e-05  8.75296365e-01  4.00000500e-05  8.29366232e-01  4.00000500e-05  8.00332446e-01  4.00000500e-05  1.80000000e-01  4.00000500e-05  1.79994431e+00  4.00000500e-05  5.00000000e-01                                 
 4.00001500e-05  8.75296405e-01  4.00001500e-05  8.29366271e-01  4.00001500e-05  8.02875357e-01  4.00001500e-05  5.40000000e-01  4.00001500e-05  1.80010217e+00  4.00001500e-05  5.00000000e-01                                 
 4.00003500e-05  8.75296474e-01  4.00003500e-05  8.29366337e-01  4.00003500e-05  7.37975875e-01  4.00003500e-05  1.26000000e+00  4.00003500e-05  4.41726250e-01  4.00003500e-05  5.00000000e-01                                 
 4.00005000e-05  8.75296825e-01  4.00005000e-05  8.29366580e-01  4.00005000e-05  7.32025380e-01  4.00005000e-05  1.80000000e+00  4.00005000e-05 -2.26602122e-02  4.00005000e-05  5.00000000e-01                                 
 4.00005201e-05  8.75296788e-01  4.00005201e-05  8.29366582e-01  4.00005201e-05  7.29935454e-01  4.00005201e-05  1.80000000e+00  4.00005201e-05 -2.02348496e-03  4.00005201e-05  5.00000000e-01                                 
 4.00005604e-05  8.75296713e-01  4.00005604e-05  8.29366569e-01  4.00005604e-05  7.21126361e-01  4.00005604e-05  1.80000000e+00  4.00005604e-05  2.29668232e-03  4.00005604e-05  5.00000000e-01                                 
 4.00006409e-05  8.75296573e-01  4.00006409e-05  8.29366479e-01  4.00006409e-05  6.95382703e-01  4.00006409e-05  1.80000000e+00  4.00006409e-05 -1.45295690e-03  4.00006409e-05  5.00000000e-01                                 
 4.00007220e-05  8.75296452e-01  4.00007220e-05  8.29366372e-01  4.00007220e-05  6.72327097e-01  4.00007220e-05  1.80000000e+00  4.00007220e-05  1.58506974e-03  4.00007220e-05  5.00000000e-01                                 
 4.00008295e-05  8.75296353e-01  4.00008295e-05  8.29366274e-01  4.00008295e-05  6.50054835e-01  4.00008295e-05  1.80000000e+00  4.00008295e-05 -1.28911338e-03  4.00008295e-05  5.00000000e-01                                 
 4.00009631e-05  8.75296333e-01  4.00009631e-05  8.29366235e-01  4.00009631e-05  6.33098209e-01  4.00009631e-05  1.80000000e+00  4.00009631e-05  1.25656482e-03  4.00009631e-05  5.00000000e-01                                 
 4.00011427e-05  8.75296443e-01  4.00011427e-05  8.29366311e-01  4.00011427e-05  6.19793345e-01  4.00011427e-05  1.80000000e+00  4.00011427e-05 -1.17567438e-03  4.00011427e-05  5.00000000e-01                                 
 4.00013548e-05  8.75296700e-01  4.00013548e-05  8.29366520e-01  4.00013548e-05  6.11094093e-01  4.00013548e-05  1.80000000e+00  4.00013548e-05  1.11305824e-03  4.00013548e-05  5.00000000e-01                                 
 4.00016469e-05  8.75297121e-01  4.00016469e-05  8.29366887e-01  4.00016469e-05  6.03481780e-01  4.00016469e-05  1.80000000e+00  4.00016469e-05 -1.08516044e-03  4.00016469e-05  5.00000000e-01                                 
 4.00020607e-05  8.75297596e-01  4.00020607e-05  8.29367324e-01  4.00020607e-05  5.97060109e-01  4.00020607e-05  1.80000000e+00  4.00020607e-05  1.05162293e-03  4.00020607e-05  5.00000000e-01                                 
 4.00027989e-05  8.75297548e-01  4.00027989e-05  8.29367345e-01  4.00027989e-05  5.90890719e-01  4.00027989e-05  1.80000000e+00  4.00027989e-05 -1.04010722e-03  4.00027989e-05  5.00000000e-01                                 
 4.00042751e-05  8.75293740e-01  4.00042751e-05  8.29364062e-01  4.00042751e-05  5.86406046e-01  4.00042751e-05  1.80000000e+00  4.00042751e-05  1.03281628e-03  4.00042751e-05  5.00000000e-01                                 
 4.00072275e-05  8.75278645e-01  4.00072275e-05  8.29350499e-01  4.00072275e-05  5.84273899e-01  4.00072275e-05  1.80000000e+00  4.00072275e-05 -1.02822992e-03  4.00072275e-05  5.00000000e-01                                 
 4.00131324e-05  8.75257268e-01  4.00131324e-05  8.29330797e-01  4.00131324e-05  5.84945363e-01  4.00131324e-05  1.80000000e+00  4.00131324e-05  1.02743054e-03  4.00131324e-05  5.00000000e-01                                 
 4.00224226e-05  8.75264010e-01  4.00224226e-05  8.29336653e-01  4.00224226e-05  5.82508226e-01  4.00224226e-05  1.80000000e+00  4.00224226e-05 -1.02586928e-03  4.00224226e-05  5.00000000e-01                                 
 4.00410029e-05  8.75291782e-01  4.00410029e-05  8.29362072e-01  4.00410029e-05  5.65910654e-01  4.00410029e-05  1.80000000e+00  4.00410029e-05  1.02549833e-03  4.00410029e-05  5.00000000e-01                                 
 4.00615639e-05  8.75301346e-01  4.00615639e-05  8.29370759e-01  4.00615639e-05  5.58974100e-01  4.00615639e-05  1.80000000e+00  4.00615639e-05 -1.02446796e-03  4.00615639e-05  5.00000000e-01                                 
 4.00873955e-05  8.75304154e-01  4.00873955e-05  8.29373369e-01  4.00873955e-05  5.48381828e-01  4.00873955e-05  1.80000000e+00  4.00873955e-05  1.02443545e-03  4.00873955e-05  5.00000000e-01                                 
 4.01295136e-05  8.75298939e-01  4.01295136e-05  8.29368599e-01  4.01295136e-05  5.37748017e-01  4.01295136e-05  1.80000000e+00  4.01295136e-05 -1.02376772e-03  4.01295136e-05  5.00000000e-01                                 
 4.01877595e-05  8.75300147e-01  4.01877595e-05  8.29369705e-01  4.01877595e-05  5.29010858e-01  4.01877595e-05  1.80000000e+00  4.01877595e-05  1.02398413e-03  4.01877595e-05  5.00000000e-01                                 
 4.02770799e-05  8.75296527e-01  4.02770799e-05  8.29366412e-01  4.02770799e-05  5.19763087e-01  4.02770799e-05  1.80000000e+00  4.02770799e-05 -1.02347465e-03  4.02770799e-05  5.00000000e-01                                 
 4.04122409e-05  8.75297540e-01  4.04122409e-05  8.29367328e-01  4.04122409e-05  5.14630028e-01  4.04122409e-05  1.80000000e+00  4.04122409e-05  1.02379015e-03  4.04122409e-05  5.00000000e-01                                 
 4.06200210e-05  8.75295687e-01  4.06200210e-05  8.29365650e-01  4.06200210e-05  5.08765914e-01  4.06200210e-05  1.80000000e+00  4.06200210e-05 -1.02335166e-03  4.06200210e-05  5.00000000e-01                                 
 4.09204054e-05  8.75297125e-01  4.09204054e-05  8.29366949e-01  4.09204054e-05  5.07583799e-01  4.09204054e-05  1.80000000e+00  4.09204054e-05  1.02370770e-03  4.09204054e-05  5.00000000e-01                                 
 4.14182581e-05  8.75295761e-01  4.14182581e-05  8.29365718e-01  4.14182581e-05  5.04967282e-01  4.14182581e-05  1.80000000e+00  4.14182581e-05 -1.02329791e-03  4.14182581e-05  5.00000000e-01                                 
 4.20198899e-05  8.75297080e-01  4.20198899e-05  8.29366907e-01  4.20198899e-05  5.05163852e-01  4.20198899e-05  1.80000000e+00  4.20198899e-05  1.02367075e-03  4.20198899e-05  5.00000000e-01                                 
 4.30198899e-05  8.75295816e-01  4.30198899e-05  8.29365769e-01  4.30198899e-05  5.03680540e-01  4.30198899e-05  1.80000000e+00  4.30198899e-05 -1.02327126e-03  4.30198899e-05  5.00000000e-01                                 
 4.40198899e-05  8.75297069e-01  4.40198899e-05  8.29366896e-01  4.40198899e-05  5.04174490e-01  4.40198899e-05  1.80000000e+00  4.40198899e-05  1.02365076e-03  4.40198899e-05  5.00000000e-01                                 
 4.50198899e-05  8.75295840e-01  4.50198899e-05  8.29365790e-01  4.50198899e-05  5.03082242e-01  4.50198899e-05  1.80000000e+00  4.50198899e-05 -1.02325146e-03  4.50198899e-05  5.00000000e-01                                 
 4.60198899e-05  8.75297029e-01  4.60198899e-05  8.29366860e-01  4.60198899e-05  5.03737989e-01  4.60198899e-05  1.80000000e+00  4.60198899e-05  1.02363071e-03  4.60198899e-05  5.00000000e-01                                 
 4.70198899e-05  8.75295865e-01  4.70198899e-05  8.29365814e-01  4.70198899e-05  5.02750985e-01  4.70198899e-05  1.80000000e+00  4.70198899e-05 -1.02323142e-03  4.70198899e-05  5.00000000e-01                                 
 4.80198899e-05  8.75296991e-01  4.80198899e-05  8.29366825e-01  4.80198899e-05  5.03463674e-01  4.80198899e-05  1.80000000e+00  4.80198899e-05  1.02361066e-03  4.80198899e-05  5.00000000e-01                                 
 4.90198899e-05  8.75295890e-01  4.90198899e-05  8.29365836e-01  4.90198899e-05  5.02526548e-01  4.90198899e-05  1.80000000e+00  4.90198899e-05 -1.02321137e-03  4.90198899e-05  5.00000000e-01                                 
 5.00005000e-05  8.75296973e-01  5.00005000e-05  8.29366809e-01  5.00005000e-05  5.03267218e-01  5.00005000e-05  1.80000000e+00  5.00005000e-05  1.02359040e-03  5.00005000e-05  5.00000000e-01                                 
 5.00005500e-05  8.75296958e-01  5.00005500e-05  8.29366801e-01  5.00005500e-05  4.95315550e-01  5.00005500e-05  1.62000000e+00  5.00005500e-05 -5.39838784e-06  5.00005500e-05  5.00000000e-01                                 
 5.00006500e-05  8.75296960e-01  5.00006500e-05  8.29366800e-01  5.00006500e-05  4.82017874e-01  5.00006500e-05  1.26000000e+00  5.00006500e-05 -8.55294052e-05  5.00006500e-05  5.00000000e-01                                 
 5.00008500e-05  8.75297018e-01  5.00008500e-05  8.29366841e-01  5.00008500e-05  4.81977436e-01  5.00008500e-05  5.40000000e-01  5.00008500e-05  1.55390971e-04  5.00008500e-05  5.00000000e-01                                 
 5.00010000e-05  8.75296941e-01  5.00010000e-05  8.29366803e-01  5.00010000e-05  4.48847332e-01  5.00010000e-05  0.00000000e+00  5.00010000e-05  1.54001250e+00  5.00010000e-05  5.00000000e-01                                 
 5.00010120e-05  8.75296880e-01  5.00010120e-05  8.29366772e-01  5.00010120e-05  4.34163884e-01  5.00010120e-05  0.00000000e+00  5.00010120e-05  1.65966724e+00  5.00010120e-05  5.00000000e-01                                 
 5.00010360e-05  8.75296740e-01  5.00010360e-05  8.29366695e-01  5.00010360e-05  3.93891899e-01  5.00010360e-05  0.00000000e+00  5.00010360e-05  1.78819844e+00  5.00010360e-05  5.00000000e-01                                 
 5.00010840e-05  8.75296624e-01  5.00010840e-05  8.29366584e-01  5.00010840e-05  3.03482950e-01  5.00010840e-05  0.00000000e+00  5.00010840e-05  1.80136176e+00  5.00010840e-05  5.00000000e-01                                 
 5.00011508e-05  8.75296768e-01  5.00011508e-05  8.29366603e-01  5.00011508e-05  2.31708723e-01  5.00011508e-05  0.00000000e+00  5.00011508e-05  1.79501808e+00  5.00011508e-05  5.00000000e-01                                 
 5.00012306e-05  8.75297010e-01  5.00012306e-05  8.29366772e-01  5.00012306e-05  2.07728669e-01  5.00012306e-05  0.00000000e+00  5.00012306e-05  1.80129686e+00  5.00012306e-05  5.00000000e-01                                 
 5.00013641e-05  8.75297368e-01  5.00013641e-05  8.29367087e-01  5.00013641e-05  2.05953384e-01  5.00013641e-05  0.00000000e+00  5.00013641e-05  1.79803234e+00  5.00013641e-05  5.00000000e-01                                 
 5.00015063e-05  8.75297542e-01  5.00015063e-05  8.29367282e-01  5.00015063e-05  2.08767058e-01  5.00015063e-05  0.00000000e+00  5.00015063e-05  1.80143997e+00  5.00015063e-05  5.00000000e-01                                 
 5.00017730e-05  8.75297427e-01  5.00017730e-05  8.29367238e-01  5.00017730e-05  2.09367569e-01  5.00017730e-05  0.00000000e+00  5.00017730e-05  1.79862997e+00  5.00017730e-05  5.00000000e-01                                 
 5.00020541e-05  8.75296938e-01  5.00020541e-05  8.29366843e-01  5.00020541e-05  2.09648794e-01  5.00020541e-05  0.00000000e+00  5.00020541e-05  1.80128118e+00  5.00020541e-05  5.00000000e-01                                 
 5.00026163e-05  8.75296038e-01  5.00026163e-05  8.29366036e-01  5.00026163e-05  2.09685699e-01  5.00026163e-05  0.00000000e+00  5.00026163e-05  1.79877164e+00  5.00026163e-05  5.00000000e-01                                 
 5.00036396e-05  8.75296810e-01  5.00036396e-05  8.29366598e-01  5.00036396e-05  2.09913864e-01  5.00036396e-05  0.00000000e+00  5.00036396e-05  1.80120771e+00  5.00036396e-05  5.00000000e-01                                 
 5.00056861e-05  8.75306785e-01  5.00056861e-05  8.29375372e-01  5.00056861e-05  2.09959840e-01  5.00056861e-05  0.00000000e+00  5.00056861e-05  1.79880826e+00  5.00056861e-05  5.00000000e-01                                 
 5.00097793e-05  8.75330756e-01  5.00097793e-05  8.29397222e-01  5.00097793e-05  2.10236805e-01  5.00097793e-05  0.00000000e+00  5.00097793e-05  1.80118930e+00  5.00097793e-05  5.00000000e-01                                 
 5.00179656e-05  8.75339189e-01  5.00179656e-05  8.29405372e-01  5.00179656e-05  2.10279124e-01  5.00179656e-05  0.00000000e+00  5.00179656e-05  1.79881733e+00  5.00179656e-05  5.00000000e-01                                 
 5.00343381e-05  8.75308265e-01  5.00343381e-05  8.29377172e-01  5.00343381e-05  2.11272426e-01  5.00343381e-05  0.00000000e+00  5.00343381e-05  1.80118477e+00  5.00343381e-05  5.00000000e-01                                 
 5.00571546e-05  8.75288602e-01  5.00571546e-05  8.29359222e-01  5.00571546e-05  2.12729243e-01  5.00571546e-05  0.00000000e+00  5.00571546e-05  1.79881991e+00  5.00571546e-05  5.00000000e-01                                 
 5.00852859e-05  8.75286619e-01  5.00852859e-05  8.29357380e-01  5.00852859e-05  2.17107249e-01  5.00852859e-05  0.00000000e+00  5.00852859e-05  1.80118279e+00  5.00852859e-05  5.00000000e-01                                 
 5.01241417e-05  8.75295877e-01  5.01241417e-05  8.29365803e-01  5.01241417e-05  2.58031459e-01  5.01241417e-05  0.00000000e+00  5.01241417e-05  1.79882144e+00  5.01241417e-05  5.00000000e-01                                 
 5.01737390e-05  8.75292461e-01  5.01737390e-05  8.29362732e-01  5.01737390e-05  3.09001317e-01  5.01737390e-05  0.00000000e+00  5.01737390e-05  1.80118163e+00  5.01737390e-05  5.00000000e-01                                 
 5.02283348e-05  8.75295979e-01  5.02283348e-05  8.29365882e-01  5.02283348e-05  3.25838934e-01  5.02283348e-05  0.00000000e+00  5.02283348e-05  1.79882240e+00  5.02283348e-05  5.00000000e-01                                 
 5.03047934e-05  8.75294964e-01  5.03047934e-05  8.29365016e-01  5.03047934e-05  3.67263306e-01  5.03047934e-05  0.00000000e+00  5.03047934e-05  1.80118085e+00  5.03047934e-05  5.00000000e-01                                 
 5.03773350e-05  8.75296297e-01  5.03773350e-05  8.29366169e-01  5.03773350e-05  4.08616680e-01  5.03773350e-05  0.00000000e+00  5.03773350e-05  1.79882306e+00  5.03773350e-05  5.00000000e-01                                 
 5.05224181e-05  8.75296167e-01  5.05224181e-05  8.29366112e-01  5.05224181e-05  4.83703396e-01  5.05224181e-05  0.00000000e+00  5.05224181e-05  1.80118034e+00  5.05224181e-05  5.00000000e-01                                 
 5.08018074e-05  8.75296505e-01  5.08018074e-05  8.29366359e-01  5.08018074e-05  6.12469094e-01  5.08018074e-05  0.00000000e+00  5.08018074e-05  1.79882332e+00  5.08018074e-05  5.00000000e-01                                 
 5.12481632e-05  8.75296404e-01  5.12481632e-05  8.29366328e-01  5.12481632e-05  7.25985731e-01  5.12481632e-05  0.00000000e+00  5.12481632e-05  1.80118019e+00  5.12481632e-05  5.00000000e-01                                 
 5.21408747e-05  8.75296473e-01  5.21408747e-05  8.29366330e-01  5.21408747e-05  7.84112538e-01  5.21408747e-05  0.00000000e+00  5.21408747e-05  1.79882341e+00  5.21408747e-05  5.00000000e-01                                 
 5.30550378e-05  8.75296408e-01  5.30550378e-05  8.29366331e-01  5.30550378e-05  7.86208582e-01  5.30550378e-05  0.00000000e+00  5.30550378e-05  1.80118014e+00  5.30550378e-05  5.00000000e-01                                 
 5.40550378e-05  8.75296434e-01  5.40550378e-05  8.29366294e-01  5.40550378e-05  7.88508678e-01  5.40550378e-05  0.00000000e+00  5.40550378e-05  1.79882346e+00  5.40550378e-05  5.00000000e-01                                 
 5.50550378e-05  8.75296444e-01  5.50550378e-05  8.29366364e-01  5.50550378e-05  7.90706215e-01  5.50550378e-05  0.00000000e+00  5.50550378e-05  1.80118009e+00  5.50550378e-05  5.00000000e-01                                 
 5.60550378e-05  8.75296419e-01  5.60550378e-05  8.29366281e-01  5.60550378e-05  7.92666752e-01  5.60550378e-05  0.00000000e+00  5.60550378e-05  1.79882351e+00  5.60550378e-05  5.00000000e-01                                 
 5.70550378e-05  8.75296486e-01  5.70550378e-05  8.29366402e-01  5.70550378e-05  7.94397555e-01  5.70550378e-05  0.00000000e+00  5.70550378e-05  1.80118004e+00  5.70550378e-05  5.00000000e-01                                 
 5.80550378e-05  8.75296380e-01  5.80550378e-05  8.29366246e-01  5.80550378e-05  7.95948202e-01  5.80550378e-05  0.00000000e+00  5.80550378e-05  1.79882356e+00  5.80550378e-05  5.00000000e-01                                 
 5.90550378e-05  8.75296510e-01  5.90550378e-05  8.29366424e-01  5.90550378e-05  7.97342099e-01  5.90550378e-05  0.00000000e+00  5.90550378e-05  1.80117999e+00  5.90550378e-05  5.00000000e-01                                 
 6.00000000e-05  8.75296358e-01  6.00000000e-05  8.29366226e-01  6.00000000e-05  7.98539799e-01  6.00000000e-05  0.00000000e+00  6.00000000e-05  1.79882361e+00  6.00000000e-05  5.00000000e-01                                 
 6.00000500e-05  8.75296383e-01  6.00000500e-05  8.29366248e-01  6.00000500e-05  8.01045278e-01  6.00000500e-05  1.80000000e-01  6.00000500e-05  1.79994433e+00  6.00000500e-05  5.00000000e-01                                 
 6.00001500e-05  8.75296423e-01  6.00001500e-05  8.29366287e-01  6.00001500e-05  8.03588090e-01  6.00001500e-05  5.40000000e-01  6.00001500e-05  1.80010214e+00  6.00001500e-05  5.00000000e-01                                 
 6.00003500e-05  8.75296492e-01  6.00003500e-05  8.29366353e-01  6.00003500e-05  7.38697625e-01  6.00003500e-05  1.26000000e+00  6.00003500e-05  4.41554190e-01  6.00003500e-05  5.00000000e-01                                 
 6.00005000e-05  8.75296843e-01  6.00005000e-05  8.29366597e-01  6.00005000e-05  7.32720555e-01  6.00005000e-05  1.80000000e+00  6.00005000e-05 -2.26689366e-02  6.00005000e-05  5.00000000e-01                                 
 6.00005201e-05  8.75296807e-01  6.00005201e-05  8.29366599e-01  6.00005201e-05  7.30623679e-01  6.00005201e-05  1.80000000e+00  6.00005201e-05 -2.02452195e-03  6.00005201e-05  5.00000000e-01                                 
 6.00005604e-05  8.75296731e-01  6.00005604e-05  8.29366586e-01  6.00005604e-05  7.21796297e-01  6.00005604e-05  1.80000000e+00  6.00005604e-05  2.29748548e-03  6.00005604e-05  5.00000000e-01                                 
 6.00006409e-05  8.75296591e-01  6.00006409e-05  8.29366496e-01  6.00006409e-05  6.95997712e-01  6.00006409e-05  1.80000000e+00  6.00006409e-05 -1.45345393e-03  6.00006409e-05  5.00000000e-01                                 
 6.00007220e-05  8.75296470e-01  6.00007220e-05  8.29366389e-01  6.00007220e-05  6.72874353e-01  6.00007220e-05  1.80000000e+00  6.00007220e-05  1.58578702e-03  6.00007220e-05  5.00000000e-01                                 
 6.00008295e-05  8.75296372e-01  6.00008295e-05  8.29366291e-01  6.00008295e-05  6.50518437e-01  6.00008295e-05  1.80000000e+00  6.00008295e-05 -1.28949208e-03  6.00008295e-05  5.00000000e-01                                 
 6.00009631e-05  8.75296351e-01  6.00009631e-05  8.29366252e-01  6.00009631e-05  6.33480282e-01  6.00009631e-05  1.80000000e+00  6.00009631e-05  1.25707662e-03  6.00009631e-05  5.00000000e-01                                 
 6.00011428e-05  8.75296461e-01  6.00011428e-05  8.29366327e-01  6.00011428e-05  6.20093176e-01  6.00011428e-05  1.80000000e+00  6.00011428e-05 -1.17616594e-03  6.00011428e-05  5.00000000e-01                                 
 6.00013549e-05  8.75296718e-01  6.00013549e-05  8.29366537e-01  6.00013549e-05  6.11341914e-01  6.00013549e-05  1.80000000e+00  6.00013549e-05  1.11343935e-03  6.00013549e-05  5.00000000e-01                                 
 6.00016467e-05  8.75297139e-01  6.00016467e-05  8.29366904e-01  6.00016467e-05  6.03679702e-01  6.00016467e-05  1.80000000e+00  6.00016467e-05 -1.08558933e-03  6.00016467e-05  5.00000000e-01                                 
 6.00020598e-05  8.75297613e-01  6.00020598e-05  8.29367339e-01  6.00020598e-05  5.97215382e-01  6.00020598e-05  1.80000000e+00  6.00020598e-05  1.05191452e-03  6.00020598e-05  5.00000000e-01                                 
 6.00027961e-05  8.75297568e-01  6.00027961e-05  8.29367363e-01  6.00027961e-05  5.91001768e-01  6.00027961e-05  1.80000000e+00  6.00027961e-05 -1.04040577e-03  6.00027961e-05  5.00000000e-01                                 
 6.00042687e-05  8.75293781e-01  6.00042687e-05  8.29364098e-01  6.00042687e-05  5.86487651e-01  6.00042687e-05  1.80000000e+00  6.00042687e-05  1.03307995e-03  6.00042687e-05  5.00000000e-01                                 
 6.00072139e-05  8.75278732e-01  6.00072139e-05  8.29350577e-01  6.00072139e-05  5.84348272e-01  6.00072139e-05  1.80000000e+00  6.00072139e-05 -1.02848466e-03  6.00072139e-05  5.00000000e-01                                 
 6.00131043e-05  8.75257324e-01  6.00131043e-05  8.29330849e-01  6.00131043e-05  5.85018121e-01  6.00131043e-05  1.80000000e+00  6.00131043e-05  1.02768245e-03  6.00131043e-05  5.00000000e-01                                 
 6.00223798e-05  8.75263942e-01  6.00223798e-05  8.29336591e-01  6.00223798e-05  5.82572895e-01  6.00223798e-05  1.80000000e+00  6.00223798e-05 -1.02611835e-03  6.00223798e-05  5.00000000e-01                                 
 6.00409310e-05  8.75291718e-01  6.00409310e-05  8.29362013e-01  6.00409310e-05  5.65981721e-01  6.00409310e-05  1.80000000e+00  6.00409310e-05  1.02574658e-03  6.00409310e-05  5.00000000e-01                                 
 6.00614743e-05  8.75301323e-01  6.00614743e-05  8.29370738e-01  6.00614743e-05  5.59043718e-01  6.00614743e-05  1.80000000e+00  6.00614743e-05 -1.02471522e-03  6.00614743e-05  5.00000000e-01                                 
 6.00872730e-05  8.75304171e-01  6.00872730e-05  8.29373384e-01  6.00872730e-05  5.48445596e-01  6.00872730e-05  1.80000000e+00  6.00872730e-05  1.02468239e-03  6.00872730e-05  5.00000000e-01                                 
 6.01293833e-05  8.75298941e-01  6.01293833e-05  8.29368602e-01  6.01293833e-05  5.37802762e-01  6.01293833e-05  1.80000000e+00  6.01293833e-05 -1.02401411e-03  6.01293833e-05  5.00000000e-01                                 
 6.01876310e-05  8.75300151e-01  6.01876310e-05  8.29369708e-01  6.01876310e-05  5.29045608e-01  6.01876310e-05  1.80000000e+00  6.01876310e-05  1.02423080e-03  6.01876310e-05  5.00000000e-01                                 
 6.02769718e-05  8.75296527e-01  6.02769718e-05  8.29366412e-01  6.02769718e-05  5.19785566e-01  6.02769718e-05  1.80000000e+00  6.02769718e-05 -1.02372093e-03  6.02769718e-05  5.00000000e-01                                 
 6.04122203e-05  8.75297533e-01  6.04122203e-05  8.29367321e-01  6.04122203e-05  5.14633715e-01  6.04122203e-05  1.80000000e+00  6.04122203e-05  1.02403679e-03  6.04122203e-05  5.00000000e-01                                 
 6.06202415e-05  8.75295697e-01  6.06202415e-05  8.29365659e-01  6.06202415e-05  5.08766347e-01  6.06202415e-05  1.80000000e+00  6.06202415e-05 -1.02359797e-03  6.06202415e-05  5.00000000e-01                                 
 6.09210348e-05  8.75297133e-01  6.09210348e-05  8.29366956e-01  6.09210348e-05  5.07579312e-01  6.09210348e-05  1.80000000e+00  6.09210348e-05  1.02395439e-03  6.09210348e-05  5.00000000e-01                                 
 6.14195157e-05  8.75295772e-01  6.14195157e-05  8.29365728e-01  6.14195157e-05  5.04967430e-01  6.14195157e-05  1.80000000e+00  6.14195157e-05 -1.02354427e-03  6.14195157e-05  5.00000000e-01                                 
 6.20208531e-05  8.75297080e-01  6.20208531e-05  8.29366907e-01  6.20208531e-05  5.05161542e-01  6.20208531e-05  1.80000000e+00  6.20208531e-05  1.02391745e-03  6.20208531e-05  5.00000000e-01                                 
 6.30208531e-05  8.75295811e-01  6.30208531e-05  8.29365764e-01  6.30208531e-05  5.03683381e-01  6.30208531e-05  1.80000000e+00  6.30208531e-05 -1.02351759e-03  6.30208531e-05  5.00000000e-01                                 
 6.40208531e-05  8.75297050e-01  6.40208531e-05  8.29366879e-01  6.40208531e-05  5.04173507e-01  6.40208531e-05  1.80000000e+00  6.40208531e-05  1.02389744e-03  6.40208531e-05  5.00000000e-01                                 
 6.50208531e-05  8.75295828e-01  6.50208531e-05  8.29365780e-01  6.50208531e-05  5.03085875e-01  6.50208531e-05  1.80000000e+00  6.50208531e-05 -1.02349778e-03  6.50208531e-05  5.00000000e-01                                 
 6.60208531e-05  8.75297011e-01  6.60208531e-05  8.29366843e-01  6.60208531e-05  5.03737556e-01  6.60208531e-05  1.80000000e+00  6.60208531e-05  1.02387738e-03  6.60208531e-05  5.00000000e-01                                 
 6.70208531e-05  8.75295863e-01  6.70208531e-05  8.29365812e-01  6.70208531e-05  5.02755006e-01  6.70208531e-05  1.80000000e+00  6.70208531e-05 -1.02347773e-03  6.70208531e-05  5.00000000e-01                                 
 6.80208531e-05  8.75296986e-01  6.80208531e-05  8.29366821e-01  6.80208531e-05  5.03463545e-01  6.80208531e-05  1.80000000e+00  6.80208531e-05  1.02385732e-03  6.80208531e-05  5.00000000e-01                                 
 6.90208531e-05  8.75295900e-01  6.90208531e-05  8.29365845e-01  6.90208531e-05  5.02530764e-01  6.90208531e-05  1.80000000e+00  6.90208531e-05 -1.02345767e-03  6.90208531e-05  5.00000000e-01                                 
 7.00005000e-05  8.75296963e-01  7.00005000e-05  8.29366799e-01  7.00005000e-05  5.03267318e-01  7.00005000e-05  1.80000000e+00  7.00005000e-05  1.02383704e-03  7.00005000e-05  5.00000000e-01                                 
 7.00005500e-05  8.75296949e-01  7.00005500e-05  8.29366792e-01  7.00005500e-05  4.95315662e-01  7.00005500e-05  1.62000000e+00  7.00005500e-05 -5.38465026e-06  7.00005500e-05  5.00000000e-01                                 
 7.00006500e-05  8.75296950e-01  7.00006500e-05  8.29366791e-01  7.00006500e-05  4.82017982e-01  7.00006500e-05  1.26000000e+00  7.00006500e-05 -8.55415345e-05  7.00006500e-05  5.00000000e-01                                 
 7.00008500e-05  8.75297009e-01  7.00008500e-05  8.29366832e-01  7.00008500e-05  4.81977426e-01  7.00008500e-05  5.40000000e-01  7.00008500e-05  1.55402365e-04  7.00008500e-05  5.00000000e-01                                 
 7.00010000e-05  8.75296932e-01  7.00010000e-05  8.29366795e-01  7.00010000e-05  4.48847419e-01  7.00010000e-05  0.00000000e+00  7.00010000e-05  1.54001245e+00  7.00010000e-05  5.00000000e-01                                 
 7.00010120e-05  8.75296871e-01  7.00010120e-05  8.29366764e-01  7.00010120e-05  4.34164013e-01  7.00010120e-05  0.00000000e+00  7.00010120e-05  1.65966728e+00  7.00010120e-05  5.00000000e-01                                 
 7.00010360e-05  8.75296732e-01  7.00010360e-05  8.29366687e-01  7.00010360e-05  3.93892161e-01  7.00010360e-05  0.00000000e+00  7.00010360e-05  1.78819850e+00  7.00010360e-05  5.00000000e-01                                 
 7.00010840e-05  8.75296616e-01  7.00010840e-05  8.29366576e-01  7.00010840e-05  3.03483600e-01  7.00010840e-05  0.00000000e+00  7.00010840e-05  1.80136174e+00  7.00010840e-05  5.00000000e-01                                 
 7.00011508e-05  8.75296760e-01  7.00011508e-05  8.29366595e-01  7.00011508e-05  2.31709681e-01  7.00011508e-05  0.00000000e+00  7.00011508e-05  1.79501810e+00  7.00011508e-05  5.00000000e-01                                 
 7.00012306e-05  8.75297002e-01  7.00012306e-05  8.29366765e-01  7.00012306e-05  2.07729734e-01  7.00012306e-05  0.00000000e+00  7.00012306e-05  1.80129686e+00  7.00012306e-05  5.00000000e-01                                 
 7.00013641e-05  8.75297360e-01  7.00013641e-05  8.29367080e-01  7.00013641e-05  2.05954801e-01  7.00013641e-05  0.00000000e+00  7.00013641e-05  1.79803234e+00  7.00013641e-05  5.00000000e-01                                 
 7.00015063e-05  8.75297535e-01  7.00015063e-05  8.29367275e-01  7.00015063e-05  2.08768409e-01  7.00015063e-05  0.00000000e+00  7.00015063e-05  1.80143997e+00  7.00015063e-05  5.00000000e-01                                 
 7.00017730e-05  8.75297420e-01  7.00017730e-05  8.29367232e-01  7.00017730e-05  2.09368927e-01  7.00017730e-05  0.00000000e+00  7.00017730e-05  1.79862997e+00  7.00017730e-05  5.00000000e-01                                 
 7.00020541e-05  8.75296932e-01  7.00020541e-05  8.29366838e-01  7.00020541e-05  2.09650131e-01  7.00020541e-05  0.00000000e+00  7.00020541e-05  1.80128118e+00  7.00020541e-05  5.00000000e-01                                 
 7.00026163e-05  8.75296033e-01  7.00026163e-05  8.29366031e-01  7.00026163e-05  2.09687016e-01  7.00026163e-05  0.00000000e+00  7.00026163e-05  1.79877164e+00  7.00026163e-05  5.00000000e-01                                 
 7.00036396e-05  8.75296806e-01  7.00036396e-05  8.29366595e-01  7.00036396e-05  2.09915153e-01  7.00036396e-05  0.00000000e+00  7.00036396e-05  1.80120771e+00  7.00036396e-05  5.00000000e-01                                 
 7.00056861e-05  8.75306782e-01  7.00056861e-05  8.29375370e-01  7.00056861e-05  2.09961101e-01  7.00056861e-05  0.00000000e+00  7.00056861e-05  1.79880826e+00  7.00056861e-05  5.00000000e-01                                 
 7.00097793e-05  8.75330752e-01  7.00097793e-05  8.29397219e-01  7.00097793e-05  2.10238079e-01  7.00097793e-05  0.00000000e+00  7.00097793e-05  1.80118930e+00  7.00097793e-05  5.00000000e-01                                 
 7.00179655e-05  8.75339183e-01  7.00179655e-05  8.29405367e-01  7.00179655e-05  2.10280388e-01  7.00179655e-05  0.00000000e+00  7.00179655e-05  1.79881733e+00  7.00179655e-05  5.00000000e-01                                 
 7.00343381e-05  8.75308262e-01  7.00343381e-05  8.29377169e-01  7.00343381e-05  2.11273613e-01  7.00343381e-05  0.00000000e+00  7.00343381e-05  1.80118476e+00  7.00343381e-05  5.00000000e-01                                 
 7.00571549e-05  8.75288600e-01  7.00571549e-05  8.29359220e-01  7.00571549e-05  2.12729947e-01  7.00571549e-05  0.00000000e+00  7.00571549e-05  1.79881991e+00  7.00571549e-05  5.00000000e-01                                 
 7.00852894e-05  8.75286616e-01  7.00852894e-05  8.29357378e-01  7.00852894e-05  2.17132119e-01  7.00852894e-05  0.00000000e+00  7.00852894e-05  1.80118279e+00  7.00852894e-05  5.00000000e-01                                 
 7.01241408e-05  8.75295874e-01  7.01241408e-05  8.29365801e-01  7.01241408e-05  2.58111120e-01  7.01241408e-05  0.00000000e+00  7.01241408e-05  1.79882144e+00  7.01241408e-05  5.00000000e-01                                 
 7.01737159e-05  8.75292458e-01  7.01737159e-05  8.29362729e-01  7.01737159e-05  3.09064008e-01  7.01737159e-05  0.00000000e+00  7.01737159e-05  1.80118163e+00  7.01737159e-05  5.00000000e-01                                 
 7.02282645e-05  8.75295975e-01  7.02282645e-05  8.29365878e-01  7.02282645e-05  3.25853373e-01  7.02282645e-05  0.00000000e+00  7.02282645e-05  1.79882241e+00  7.02282645e-05  5.00000000e-01                                 
 7.03047033e-05  8.75294963e-01  7.03047033e-05  8.29365016e-01  7.03047033e-05  3.67255830e-01  7.03047033e-05  0.00000000e+00  7.03047033e-05  1.80118085e+00  7.03047033e-05  5.00000000e-01                                 
 7.03771672e-05  8.75296297e-01  7.03771672e-05  8.29366169e-01  7.03771672e-05  4.08579126e-01  7.03771672e-05  0.00000000e+00  7.03771672e-05  1.79882307e+00  7.03771672e-05  5.00000000e-01                                 
 7.05220949e-05  8.75296161e-01  7.05220949e-05  8.29366107e-01  7.05220949e-05  4.83586759e-01  7.05220949e-05  0.00000000e+00  7.05220949e-05  1.80118034e+00  7.05220949e-05  5.00000000e-01                                 
 7.08010660e-05  8.75296497e-01  7.08010660e-05  8.29366351e-01  7.08010660e-05  6.12237106e-01  7.08010660e-05  0.00000000e+00  7.08010660e-05  1.79882333e+00  7.08010660e-05  5.00000000e-01                                 
 7.12470864e-05  8.75296399e-01  7.12470864e-05  8.29366323e-01  7.12470864e-05  7.25860802e-01  7.12470864e-05  0.00000000e+00  7.12470864e-05  1.80118019e+00  7.12470864e-05  5.00000000e-01                                 
 7.21391273e-05  8.75296462e-01  7.21391273e-05  8.29366320e-01  7.21391273e-05  7.84040419e-01  7.21391273e-05  0.00000000e+00  7.21391273e-05  1.79882341e+00  7.21391273e-05  5.00000000e-01                                 
 7.30526453e-05  8.75296410e-01  7.30526453e-05  8.29366333e-01  7.30526453e-05  7.86145410e-01  7.30526453e-05  0.00000000e+00  7.30526453e-05  1.80118013e+00  7.30526453e-05  5.00000000e-01                                 
 7.40526453e-05  8.75296435e-01  7.40526453e-05  8.29366296e-01  7.40526453e-05  7.88451967e-01  7.40526453e-05  0.00000000e+00  7.40526453e-05  1.79882346e+00  7.40526453e-05  5.00000000e-01                                 
 7.50526453e-05  8.75296445e-01  7.50526453e-05  8.29366365e-01  7.50526453e-05  7.90652000e-01  7.50526453e-05  0.00000000e+00  7.50526453e-05  1.80118008e+00  7.50526453e-05  5.00000000e-01                                 
 7.60526453e-05  8.75296409e-01  7.60526453e-05  8.29366272e-01  7.60526453e-05  7.92612778e-01  7.60526453e-05  0.00000000e+00  7.60526453e-05  1.79882351e+00  7.60526453e-05  5.00000000e-01                                 
 7.70526453e-05  8.75296477e-01  7.70526453e-05  8.29366394e-01  7.70526453e-05  7.94343038e-01  7.70526453e-05  0.00000000e+00  7.70526453e-05  1.80118003e+00  7.70526453e-05  5.00000000e-01                                 
 7.80526453e-05  8.75296372e-01  7.80526453e-05  8.29366238e-01  7.80526453e-05  7.95892637e-01  7.80526453e-05  0.00000000e+00  7.80526453e-05  1.79882356e+00  7.80526453e-05  5.00000000e-01                                 
 7.90526453e-05  8.75296510e-01  7.90526453e-05  8.29366424e-01  7.90526453e-05  7.97285662e-01  7.90526453e-05  0.00000000e+00  7.90526453e-05  1.80117998e+00  7.90526453e-05  5.00000000e-01                                 
 8.00000000e-05  8.75296360e-01  8.00000000e-05  8.29366227e-01  8.00000000e-05  7.98485532e-01  8.00000000e-05  0.00000000e+00  8.00000000e-05  1.79882361e+00  8.00000000e-05  5.00000000e-01                                 
 8.00000500e-05  8.75296385e-01  8.00000500e-05  8.29366249e-01  8.00000500e-05  8.00990857e-01  8.00000500e-05  1.80000000e-01  8.00000500e-05  1.79994433e+00  8.00000500e-05  5.00000000e-01                                 
 8.00001500e-05  8.75296424e-01  8.00001500e-05  8.29366289e-01  8.00001500e-05  8.03533674e-01  8.00001500e-05  5.40000000e-01  8.00001500e-05  1.80010214e+00  8.00001500e-05  5.00000000e-01                                 
 8.00003500e-05  8.75296493e-01  8.00003500e-05  8.29366354e-01  8.00003500e-05  7.38642518e-01  8.00003500e-05  1.26000000e+00  8.00003500e-05  4.41567350e-01  8.00003500e-05  5.00000000e-01                                 
 8.00005000e-05  8.75296844e-01  8.00005000e-05  8.29366598e-01  8.00005000e-05  7.32667461e-01  8.00005000e-05  1.80000000e+00  8.00005000e-05 -2.26682694e-02  8.00005000e-05  5.00000000e-01                                 
 8.00005201e-05  8.75296808e-01  8.00005201e-05  8.29366600e-01  8.00005201e-05  7.30571112e-01  8.00005201e-05  1.80000000e+00  8.00005201e-05 -2.02444263e-03  8.00005201e-05  5.00000000e-01                                 
 8.00005604e-05  8.75296732e-01  8.00005604e-05  8.29366587e-01  8.00005604e-05  7.21745118e-01  8.00005604e-05  1.80000000e+00  8.00005604e-05  2.29742411e-03  8.00005604e-05  5.00000000e-01                                 
 8.00006409e-05  8.75296592e-01  8.00006409e-05  8.29366497e-01  8.00006409e-05  6.95950713e-01  8.00006409e-05  1.80000000e+00  8.00006409e-05 -1.45341607e-03  8.00006409e-05  5.00000000e-01                                 
 8.00007220e-05  8.75296472e-01  8.00007220e-05  8.29366390e-01  8.00007220e-05  6.72832519e-01  8.00007220e-05  1.80000000e+00  8.00007220e-05  1.58573216e-03  8.00007220e-05  5.00000000e-01                                 
 8.00008295e-05  8.75296373e-01  8.00008295e-05  8.29366292e-01  8.00008295e-05  6.50482988e-01  8.00008295e-05  1.80000000e+00  8.00008295e-05 -1.28946309e-03  8.00008295e-05  5.00000000e-01                                 
 8.00009631e-05  8.75296352e-01  8.00009631e-05  8.29366253e-01  8.00009631e-05  6.33451062e-01  8.00009631e-05  1.80000000e+00  8.00009631e-05  1.25703744e-03  8.00009631e-05  5.00000000e-01                                 
 8.00011428e-05  8.75296462e-01  8.00011428e-05  8.29366328e-01  8.00011428e-05  6.20070247e-01  8.00011428e-05  1.80000000e+00  8.00011428e-05 -1.17612831e-03  8.00011428e-05  5.00000000e-01                                 
 8.00013549e-05  8.75296719e-01  8.00013549e-05  8.29366538e-01  8.00013549e-05  6.11322959e-01  8.00013549e-05  1.80000000e+00  8.00013549e-05  1.11341015e-03  8.00013549e-05  5.00000000e-01                                 
 8.00016467e-05  8.75297140e-01  8.00016467e-05  8.29366905e-01  8.00016467e-05  6.03664562e-01  8.00016467e-05  1.80000000e+00  8.00016467e-05 -1.08555647e-03  8.00016467e-05  5.00000000e-01                                 
 8.00020599e-05  8.75297614e-01  8.00020599e-05  8.29367340e-01  8.00020599e-05  5.97203498e-01  8.00020599e-05  1.80000000e+00  8.00020599e-05  1.05189215e-03  8.00020599e-05  5.00000000e-01                                 
 8.00027963e-05  8.75297569e-01  8.00027963e-05  8.29367364e-01  8.00027963e-05  5.90993266e-01  8.00027963e-05  1.80000000e+00  8.00027963e-05 -1.04038286e-03  8.00027963e-05  5.00000000e-01                                 
 8.00042692e-05  8.75293780e-01  8.00042692e-05  8.29364098e-01  8.00042692e-05  5.86481405e-01  8.00042692e-05  1.80000000e+00  8.00042692e-05  1.03305971e-03  8.00042692e-05  5.00000000e-01                                 
 8.00072149e-05  8.75278728e-01  8.00072149e-05  8.29350574e-01  8.00072149e-05  5.84342580e-01  8.00072149e-05  1.80000000e+00  8.00072149e-05 -1.02846510e-03  8.00072149e-05  5.00000000e-01                                 
 8.00131064e-05  8.75257322e-01  8.00131064e-05  8.29330847e-01  8.00131064e-05  5.85012556e-01  8.00131064e-05  1.80000000e+00  8.00131064e-05  1.02766311e-03  8.00131064e-05  5.00000000e-01                                 
 8.00223831e-05  8.75263949e-01  8.00223831e-05  8.29336598e-01  8.00223831e-05  5.82567901e-01  8.00223831e-05  1.80000000e+00  8.00223831e-05 -1.02609922e-03  8.00223831e-05  5.00000000e-01                                 
 8.00409364e-05  8.75291724e-01  8.00409364e-05  8.29362019e-01  8.00409364e-05  5.65976260e-01  8.00409364e-05  1.80000000e+00  8.00409364e-05  1.02572752e-03  8.00409364e-05  5.00000000e-01                                 
 8.00614812e-05  8.75301325e-01  8.00614812e-05  8.29370740e-01  8.00614812e-05  5.59038371e-01  8.00614812e-05  1.80000000e+00  8.00614812e-05 -1.02469624e-03  8.00614812e-05  5.00000000e-01                                 
 8.00872823e-05  8.75304170e-01  8.00872823e-05  8.29373383e-01  8.00872823e-05  5.48440696e-01  8.00872823e-05  1.80000000e+00  8.00872823e-05  1.02466343e-03  8.00872823e-05  5.00000000e-01                                 
 8.01293933e-05  8.75298942e-01  8.01293933e-05  8.29368603e-01  8.01293933e-05  5.37798541e-01  8.01293933e-05  1.80000000e+00  8.01293933e-05 -1.02399519e-03  8.01293933e-05  5.00000000e-01                                 
 8.01876411e-05  8.75300150e-01  8.01876411e-05  8.29369707e-01  8.01876411e-05  5.29042889e-01  8.01876411e-05  1.80000000e+00  8.01876411e-05  1.02421186e-03  8.01876411e-05  5.00000000e-01                                 
 8.02769807e-05  8.75296522e-01  8.02769807e-05  8.29366408e-01  8.02769807e-05  5.19783795e-01  8.02769807e-05  1.80000000e+00  8.02769807e-05 -1.02370202e-03  8.02769807e-05  5.00000000e-01                                 
 8.04122232e-05  8.75297530e-01  8.04122232e-05  8.29367318e-01  8.04122232e-05  5.14633371e-01  8.04122232e-05  1.80000000e+00  8.04122232e-05  1.02401786e-03  8.04122232e-05  5.00000000e-01                                 
 8.06202267e-05  8.75295686e-01  8.06202267e-05  8.29365649e-01  8.06202267e-05  5.08766278e-01  8.06202267e-05  1.80000000e+00  8.06202267e-05 -1.02357906e-03  8.06202267e-05  5.00000000e-01                                 
 8.09209898e-05  8.75297121e-01  8.09209898e-05  8.29366944e-01  8.09209898e-05  5.07579609e-01  8.09209898e-05  1.80000000e+00  8.09209898e-05  1.02393545e-03  8.09209898e-05  5.00000000e-01                                 
 8.14194244e-05  8.75295776e-01  8.14194244e-05  8.29365732e-01  8.14194244e-05  5.04967407e-01  8.14194244e-05  1.80000000e+00  8.14194244e-05 -1.02352535e-03  8.14194244e-05  5.00000000e-01                                 
 8.20207864e-05  8.75297084e-01  8.20207864e-05  8.29366911e-01  8.20207864e-05  5.05161675e-01  8.20207864e-05  1.80000000e+00  8.20207864e-05  1.02389850e-03  8.20207864e-05  5.00000000e-01                                 
 8.30207864e-05  8.75295808e-01  8.30207864e-05  8.29365761e-01  8.30207864e-05  5.03683130e-01  8.30207864e-05  1.80000000e+00  8.30207864e-05 -1.02349868e-03  8.30207864e-05  5.00000000e-01                                 
 8.40207864e-05  8.75297052e-01  8.40207864e-05  8.29366881e-01  8.40207864e-05  5.04173531e-01  8.40207864e-05  1.80000000e+00  8.40207864e-05  1.02387850e-03  8.40207864e-05  5.00000000e-01                                 
 8.50207864e-05  8.75295833e-01  8.50207864e-05  8.29365784e-01  8.50207864e-05  5.03085574e-01  8.50207864e-05  1.80000000e+00  8.50207864e-05 -1.02347887e-03  8.50207864e-05  5.00000000e-01                                 
 8.60207864e-05  8.75297021e-01  8.60207864e-05  8.29366852e-01  8.60207864e-05  5.03737548e-01  8.60207864e-05  1.80000000e+00  8.60207864e-05  1.02385844e-03  8.60207864e-05  5.00000000e-01                                 
 8.70207864e-05  8.75295856e-01  8.70207864e-05  8.29365805e-01  8.70207864e-05  5.02754661e-01  8.70207864e-05  1.80000000e+00  8.70207864e-05 -1.02345882e-03  8.70207864e-05  5.00000000e-01                                 
 8.80207864e-05  8.75296991e-01  8.80207864e-05  8.29366825e-01  8.80207864e-05  5.03463510e-01  8.80207864e-05  1.80000000e+00  8.80207864e-05  1.02383838e-03  8.80207864e-05  5.00000000e-01                                 
 8.90207864e-05  8.75295902e-01  8.90207864e-05  8.29365848e-01  8.90207864e-05  5.02530406e-01  8.90207864e-05  1.80000000e+00  8.90207864e-05 -1.02343876e-03  8.90207864e-05  5.00000000e-01                                 
 9.00005000e-05  8.75296956e-01  9.00005000e-05  8.29366793e-01  9.00005000e-05  5.03267246e-01  9.00005000e-05  1.80000000e+00  9.00005000e-05  1.02381810e-03  9.00005000e-05  5.00000000e-01                                 
 9.00005500e-05  8.75296941e-01  9.00005500e-05  8.29366785e-01  9.00005500e-05  4.95315589e-01  9.00005500e-05  1.62000000e+00  9.00005500e-05 -5.38570482e-06  9.00005500e-05  5.00000000e-01                                 
 9.00006500e-05  8.75296943e-01  9.00006500e-05  8.29366784e-01  9.00006500e-05  4.82017908e-01  9.00006500e-05  1.26000000e+00  9.00006500e-05 -8.55406052e-05  9.00006500e-05  5.00000000e-01                                 
 9.00008500e-05  8.75297001e-01  9.00008500e-05  8.29366826e-01  9.00008500e-05  4.81977360e-01  9.00008500e-05  5.40000000e-01  9.00008500e-05  1.55401490e-04  9.00008500e-05  5.00000000e-01                                 
 9.00010000e-05  8.75296925e-01  9.00010000e-05  8.29366789e-01  9.00010000e-05  4.48847348e-01  9.00010000e-05  3.87436749e-11  9.00010000e-05  1.54001246e+00  9.00010000e-05  5.00000000e-01                                 
 9.00010120e-05  8.75296864e-01  9.00010120e-05  8.29366757e-01  9.00010120e-05  4.34163937e-01  9.00010120e-05  0.00000000e+00  9.00010120e-05  1.65966728e+00  9.00010120e-05  5.00000000e-01                                 
 9.00010360e-05  8.75296725e-01  9.00010360e-05  8.29366681e-01  9.00010360e-05  3.93892073e-01  9.00010360e-05  0.00000000e+00  9.00010360e-05  1.78819850e+00  9.00010360e-05  5.00000000e-01                                 
 9.00010840e-05  8.75296608e-01  9.00010840e-05  8.29366569e-01  9.00010840e-05  3.03483484e-01  9.00010840e-05  0.00000000e+00  9.00010840e-05  1.80136174e+00  9.00010840e-05  5.00000000e-01                                 
 9.00011508e-05  8.75296753e-01  9.00011508e-05  8.29366588e-01  9.00011508e-05  2.31709560e-01  9.00011508e-05  0.00000000e+00  9.00011508e-05  1.79501810e+00  9.00011508e-05  5.00000000e-01                                 
 9.00012306e-05  8.75296994e-01  9.00012306e-05  8.29366758e-01  9.00012306e-05  2.07729617e-01  9.00012306e-05  0.00000000e+00  9.00012306e-05  1.80129686e+00  9.00012306e-05  5.00000000e-01                                 
 9.00013641e-05  8.75297353e-01  9.00013641e-05  8.29367073e-01  9.00013641e-05  2.05954654e-01  9.00013641e-05  0.00000000e+00  9.00013641e-05  1.79803234e+00  9.00013641e-05  5.00000000e-01                                 
 9.00015063e-05  8.75297527e-01  9.00015063e-05  8.29367268e-01  9.00015063e-05  2.08768266e-01  9.00015063e-05  0.00000000e+00  9.00015063e-05  1.80143997e+00  9.00015063e-05  5.00000000e-01                                 
 9.00017730e-05  8.75297413e-01  9.00017730e-05  8.29367225e-01  9.00017730e-05  2.09368784e-01  9.00017730e-05  0.00000000e+00  9.00017730e-05  1.79862997e+00  9.00017730e-05  5.00000000e-01                                 
 9.00020541e-05  8.75296924e-01  9.00020541e-05  8.29366831e-01  9.00020541e-05  2.09649989e-01  9.00020541e-05  0.00000000e+00  9.00020541e-05  1.80128118e+00  9.00020541e-05  5.00000000e-01                                 
 9.00026163e-05  8.75296025e-01  9.00026163e-05  8.29366024e-01  9.00026163e-05  2.09686876e-01  9.00026163e-05  0.00000000e+00  9.00026163e-05  1.79877164e+00  9.00026163e-05  5.00000000e-01                                 
 9.00036396e-05  8.75296798e-01  9.00036396e-05  8.29366588e-01  9.00036396e-05  2.09915015e-01  9.00036396e-05  0.00000000e+00  9.00036396e-05  1.80120771e+00  9.00036396e-05  5.00000000e-01                                 
 9.00056861e-05  8.75306774e-01  9.00056861e-05  8.29375363e-01  9.00056861e-05  2.09960965e-01  9.00056861e-05  0.00000000e+00  9.00056861e-05  1.79880826e+00  9.00056861e-05  5.00000000e-01                                 
 9.00097793e-05  8.75330745e-01  9.00097793e-05  8.29397212e-01  9.00097793e-05  2.10237941e-01  9.00097793e-05  0.00000000e+00  9.00097793e-05  1.80118930e+00  9.00097793e-05  5.00000000e-01                                 
 9.00179656e-05  8.75339176e-01  9.00179656e-05  8.29405361e-01  9.00179656e-05  2.10280251e-01  9.00179656e-05  0.00000000e+00  9.00179656e-05  1.79881733e+00  9.00179656e-05  5.00000000e-01                                 
 9.00343381e-05  8.75308257e-01  9.00343381e-05  8.29377164e-01  9.00343381e-05  2.11273485e-01  9.00343381e-05  0.00000000e+00  9.00343381e-05  1.80118476e+00  9.00343381e-05  5.00000000e-01                                 
 9.00571549e-05  8.75288595e-01  9.00571549e-05  8.29359216e-01  9.00571549e-05  2.12729870e-01  9.00571549e-05  0.00000000e+00  9.00571549e-05  1.79881991e+00  9.00571549e-05  5.00000000e-01                                 
 9.00852891e-05  8.75286612e-01  9.00852891e-05  8.29357374e-01  9.00852891e-05  2.17129403e-01  9.00852891e-05  0.00000000e+00  9.00852891e-05  1.80118279e+00  9.00852891e-05  5.00000000e-01                                 
 9.01241409e-05  8.75295873e-01  9.01241409e-05  8.29365800e-01  9.01241409e-05  2.58102308e-01  9.01241409e-05  0.00000000e+00  9.01241409e-05  1.79882144e+00  9.01241409e-05  5.00000000e-01                                 
 9.01737186e-05  8.75292459e-01  9.01737186e-05  8.29362729e-01  9.01737186e-05  3.09057066e-01  9.01737186e-05  0.00000000e+00  9.01737186e-05  1.80118163e+00  9.01737186e-05  5.00000000e-01                                 
 9.02282724e-05  8.75295978e-01  9.02282724e-05  8.29365882e-01  9.02282724e-05  3.25851801e-01  9.02282724e-05  0.00000000e+00  9.02282724e-05  1.79882241e+00  9.02282724e-05  5.00000000e-01                                 
 9.03047136e-05  8.75294967e-01  9.03047136e-05  8.29365019e-01  9.03047136e-05  3.67256795e-01  9.03047136e-05  0.00000000e+00  9.03047136e-05  1.80118085e+00  9.03047136e-05  5.00000000e-01                                 
 9.03771862e-05  8.75296298e-01  9.03771862e-05  8.29366171e-01  9.03771862e-05  4.08583463e-01  9.03771862e-05  0.00000000e+00  9.03771862e-05  1.79882307e+00  9.03771862e-05  5.00000000e-01                                 
 9.05221314e-05  8.75296167e-01  9.05221314e-05  8.29366113e-01  9.05221314e-05  4.83599985e-01  9.05221314e-05  0.00000000e+00  9.05221314e-05  1.80118034e+00  9.05221314e-05  5.00000000e-01                                 
 9.08011494e-05  8.75296497e-01  9.08011494e-05  8.29366352e-01  9.08011494e-05  6.12263283e-01  9.08011494e-05  0.00000000e+00  9.08011494e-05  1.79882333e+00  9.08011494e-05  5.00000000e-01                                 
 9.12472071e-05  8.75296402e-01  9.12472071e-05  8.29366326e-01  9.12472071e-05  7.25874560e-01  9.12472071e-05  0.00000000e+00  9.12472071e-05  1.80118019e+00  9.12472071e-05  5.00000000e-01                                 
 9.21393225e-05  8.75296464e-01  9.21393225e-05  8.29366321e-01  9.21393225e-05  7.84047814e-01  9.21393225e-05  0.00000000e+00  9.21393225e-05  1.79882341e+00  9.21393225e-05  5.00000000e-01                                 
 9.30529150e-05  8.75296409e-01  9.30529150e-05  8.29366332e-01  9.30529150e-05  7.86151736e-01  9.30529150e-05  0.00000000e+00  9.30529150e-05  1.80118013e+00  9.30529150e-05  5.00000000e-01                                 
 9.40529150e-05  8.75296449e-01  9.40529150e-05  8.29366308e-01  9.40529150e-05  7.88457467e-01  9.40529150e-05  0.00000000e+00  9.40529150e-05  1.79882346e+00  9.40529150e-05  5.00000000e-01                                 
 9.50529150e-05  8.75296443e-01  9.50529150e-05  8.29366363e-01  9.50529150e-05  7.90657186e-01  9.50529150e-05  0.00000000e+00  9.50529150e-05  1.80118008e+00  9.50529150e-05  5.00000000e-01                                 
 9.60529150e-05  8.75296418e-01  9.60529150e-05  8.29366280e-01  9.60529150e-05  7.92617855e-01  9.60529150e-05  0.00000000e+00  9.60529150e-05  1.79882351e+00  9.60529150e-05  5.00000000e-01                                 
 9.70529150e-05  8.75296477e-01  9.70529150e-05  8.29366394e-01  9.70529150e-05  7.94348187e-01  9.70529150e-05  0.00000000e+00  9.70529150e-05  1.80118003e+00  9.70529150e-05  5.00000000e-01                                 
 9.80529150e-05  8.75296373e-01  9.80529150e-05  8.29366239e-01  9.80529150e-05  7.95897955e-01  9.80529150e-05  0.00000000e+00  9.80529150e-05  1.79882356e+00  9.80529150e-05  5.00000000e-01                                 
 9.90529150e-05  8.75296516e-01  9.90529150e-05  8.29366429e-01  9.90529150e-05  7.97290997e-01  9.90529150e-05  0.00000000e+00  9.90529150e-05  1.80117998e+00  9.90529150e-05  5.00000000e-01                                 
 1.00000000e-04  8.75296355e-01  1.00000000e-04  8.29366223e-01  1.00000000e-04  7.98490482e-01  1.00000000e-04  0.00000000e+00  1.00000000e-04  1.79882361e+00  1.00000000e-04  5.00000000e-01                                 
 1.00000050e-04  8.75296380e-01  1.00000050e-04  8.29366246e-01  1.00000050e-04  8.00995821e-01  1.00000050e-04  1.80000000e-01  1.00000050e-04  1.79994433e+00  1.00000050e-04  5.00000000e-01                                 
 1.00000150e-04  8.75296420e-01  1.00000150e-04  8.29366285e-01  1.00000150e-04  8.03538638e-01  1.00000150e-04  5.40000000e-01  1.00000150e-04  1.80010214e+00  1.00000150e-04  5.00000000e-01                                 
 1.00000350e-04  8.75296489e-01  1.00000350e-04  8.29366350e-01  1.00000350e-04  7.38647543e-01  1.00000350e-04  1.26000000e+00  1.00000350e-04  4.41566152e-01  1.00000350e-04  5.00000000e-01                                 
 1.00000500e-04  8.75296840e-01  1.00000500e-04  8.29366594e-01  1.00000500e-04  7.32672298e-01  1.00000500e-04  1.80000000e+00  1.00000500e-04 -2.26683301e-02  1.00000500e-04  5.00000000e-01                                 
 1.00000520e-04  8.75296803e-01  1.00000520e-04  8.29366596e-01  1.00000520e-04  7.30575900e-01  1.00000520e-04  1.80000000e+00  1.00000520e-04 -2.02444985e-03  1.00000520e-04  5.00000000e-01                                 
 1.00000560e-04  8.75296728e-01  1.00000560e-04  8.29366583e-01  1.00000560e-04  7.21749779e-01  1.00000560e-04  1.80000000e+00  1.00000560e-04  2.29742969e-03  1.00000560e-04  5.00000000e-01                                 
 1.00000641e-04  8.75296588e-01  1.00000641e-04  8.29366493e-01  1.00000641e-04  6.95954990e-01  1.00000641e-04  1.80000000e+00  1.00000641e-04 -1.45341689e-03  1.00000641e-04  5.00000000e-01                                 
 1.00000722e-04  8.75296467e-01  1.00000722e-04  8.29366386e-01  1.00000722e-04  6.72836326e-01  1.00000722e-04  1.80000000e+00  1.00000722e-04  1.58573747e-03  1.00000722e-04  5.00000000e-01                                 
 1.00000829e-04  8.75296368e-01  1.00000829e-04  8.29366288e-01  1.00000829e-04  6.50486212e-01  1.00000829e-04  1.80000000e+00  1.00000829e-04 -1.28946599e-03  1.00000829e-04  5.00000000e-01                                 
 1.00000963e-04  8.75296348e-01  1.00000963e-04  8.29366249e-01  1.00000963e-04  6.33453717e-01  1.00000963e-04  1.80000000e+00  1.00000963e-04  1.25704125e-03  1.00000963e-04  5.00000000e-01                                 
 1.00001143e-04  8.75296458e-01  1.00001143e-04  8.29366325e-01  1.00001143e-04  6.20072327e-01  1.00001143e-04  1.80000000e+00  1.00001143e-04 -1.17613196e-03  1.00001143e-04  5.00000000e-01                                 
 1.00001355e-04  8.75296715e-01  1.00001355e-04  8.29366534e-01  1.00001355e-04  6.11324676e-01  1.00001355e-04  1.80000000e+00  1.00001355e-04  1.11341301e-03  1.00001355e-04  5.00000000e-01                                 
 1.00001647e-04  8.75297136e-01  1.00001647e-04  8.29366901e-01  1.00001647e-04  6.03665930e-01  1.00001647e-04  1.80000000e+00  1.00001647e-04 -1.08555966e-03  1.00001647e-04  5.00000000e-01                                 
 1.00002060e-04  8.75297610e-01  1.00002060e-04  8.29367337e-01  1.00002060e-04  5.97204569e-01  1.00002060e-04  1.80000000e+00  1.00002060e-04  1.05189438e-03  1.00002060e-04  5.00000000e-01                                 
 1.00002796e-04  8.75297564e-01  1.00002796e-04  8.29367360e-01  1.00002796e-04  5.90994028e-01  1.00002796e-04  1.80000000e+00  1.00002796e-04 -1.04038514e-03  1.00002796e-04  5.00000000e-01                                 
 1.00004269e-04  8.75293776e-01  1.00004269e-04  8.29364094e-01  1.00004269e-04  5.86481962e-01  1.00004269e-04  1.80000000e+00  1.00004269e-04  1.03306174e-03  1.00004269e-04  5.00000000e-01                                 
 1.00007215e-04  8.75278724e-01  1.00007215e-04  8.29350570e-01  1.00007215e-04  5.84343086e-01  1.00007215e-04  1.80000000e+00  1.00007215e-04 -1.02846706e-03  1.00007215e-04  5.00000000e-01                                 
 1.00013106e-04  8.75257319e-01  1.00013106e-04  8.29330844e-01  1.00013106e-04  5.85013049e-01  1.00013106e-04  1.80000000e+00  1.00013106e-04  1.02766505e-03  1.00013106e-04  5.00000000e-01                                 
 1.00022383e-04  8.75263945e-01  1.00022383e-04  8.29336594e-01  1.00022383e-04  5.82568360e-01  1.00022383e-04  1.80000000e+00  1.00022383e-04 -1.02610114e-03  1.00022383e-04  5.00000000e-01                                 
 1.00040936e-04  8.75291720e-01  1.00040936e-04  8.29362015e-01  1.00040936e-04  5.65976759e-01  1.00040936e-04  1.80000000e+00  1.00040936e-04  1.02572944e-03  1.00040936e-04  5.00000000e-01                                 
 1.00061481e-04  8.75301323e-01  1.00061481e-04  8.29370738e-01  1.00061481e-04  5.59038860e-01  1.00061481e-04  1.80000000e+00  1.00061481e-04 -1.02469815e-03  1.00061481e-04  5.00000000e-01                                 
 1.00087281e-04  8.75304171e-01  1.00087281e-04  8.29373384e-01  1.00087281e-04  5.48441147e-01  1.00087281e-04  1.80000000e+00  1.00087281e-04  1.02466533e-03  1.00087281e-04  5.00000000e-01                                 
 1.00129392e-04  8.75298944e-01  1.00129392e-04  8.29368604e-01  1.00129392e-04  5.37798934e-01  1.00129392e-04  1.80000000e+00  1.00129392e-04 -1.02399709e-03  1.00129392e-04  5.00000000e-01                                 
 1.00187640e-04  8.75300151e-01  1.00187640e-04  8.29369709e-01  1.00187640e-04  5.29043153e-01  1.00187640e-04  1.80000000e+00  1.00187640e-04  1.02421377e-03  1.00187640e-04  5.00000000e-01                                 
 1.00276980e-04  8.75296529e-01  1.00276980e-04  8.29366414e-01  1.00276980e-04  5.19783969e-01  1.00276980e-04  1.80000000e+00  1.00276980e-04 -1.02370392e-03  1.00276980e-04  5.00000000e-01                                 
 1.00412223e-04  8.75297536e-01  1.00412223e-04  8.29367323e-01  1.00412223e-04  5.14633416e-01  1.00412223e-04  1.80000000e+00  1.00412223e-04  1.02401976e-03  1.00412223e-04  5.00000000e-01                                 
 1.00620227e-04  8.75295694e-01  1.00620227e-04  8.29365656e-01  1.00620227e-04  5.08766291e-01  1.00620227e-04  1.80000000e+00  1.00620227e-04 -1.02358096e-03  1.00620227e-04  5.00000000e-01                                 
 1.00920993e-04  8.75297122e-01  1.00920993e-04  8.29366945e-01  1.00920993e-04  5.07579593e-01  1.00920993e-04  1.80000000e+00  1.00920993e-04  1.02393736e-03  1.00920993e-04  5.00000000e-01                                 
 1.01419431e-04  8.75295769e-01  1.01419431e-04  8.29365725e-01  1.01419431e-04  5.04967407e-01  1.01419431e-04  1.80000000e+00  1.01419431e-04 -1.02352726e-03  1.01419431e-04  5.00000000e-01                                 
 1.02020790e-04  8.75297068e-01  1.02020790e-04  8.29366896e-01  1.02020790e-04  5.05161665e-01  1.02020790e-04  1.80000000e+00  1.02020790e-04  1.02390041e-03  1.02020790e-04  5.00000000e-01                                 
 1.03020790e-04  8.75295802e-01  1.03020790e-04  8.29365756e-01  1.03020790e-04  5.03683158e-01  1.03020790e-04  1.80000000e+00  1.03020790e-04 -1.02350058e-03  1.03020790e-04  5.00000000e-01                                 
 1.04020790e-04  8.75297053e-01  1.04020790e-04  8.29366881e-01  1.04020790e-04  5.04173538e-01  1.04020790e-04  1.80000000e+00  1.04020790e-04  1.02388041e-03  1.04020790e-04  5.00000000e-01                                 
 1.05020790e-04  8.75295830e-01  1.05020790e-04  8.29365781e-01  1.05020790e-04  5.03085590e-01  1.05020790e-04  1.80000000e+00  1.05020790e-04 -1.02348077e-03  1.05020790e-04  5.00000000e-01                                 
 1.06020790e-04  8.75297011e-01  1.06020790e-04  8.29366843e-01  1.06020790e-04  5.03737530e-01  1.06020790e-04  1.80000000e+00  1.06020790e-04  1.02386035e-03  1.06020790e-04  5.00000000e-01                                 
 1.07020790e-04  8.75295852e-01  1.07020790e-04  8.29365802e-01  1.07020790e-04  5.02754661e-01  1.07020790e-04  1.80000000e+00  1.07020790e-04 -1.02346072e-03  1.07020790e-04  5.00000000e-01                                 
 1.08020790e-04  8.75296991e-01  1.08020790e-04  8.29366825e-01  1.08020790e-04  5.03463489e-01  1.08020790e-04  1.80000000e+00  1.08020790e-04  1.02384029e-03  1.08020790e-04  5.00000000e-01                                 
 1.09020790e-04  8.75295905e-01  1.09020790e-04  8.29365850e-01  1.09020790e-04  5.02530409e-01  1.09020790e-04  1.80000000e+00  1.09020790e-04 -1.02344066e-03  1.09020790e-04  5.00000000e-01                                 
 1.10000500e-04  8.75296977e-01  1.10000500e-04  8.29366812e-01  1.10000500e-04  5.03267247e-01  1.10000500e-04  1.80000000e+00  1.10000500e-04  1.02382001e-03  1.10000500e-04  5.00000000e-01                                 
 1.10000550e-04  8.75296962e-01  1.10000550e-04  8.29366804e-01  1.10000550e-04  4.95315590e-01  1.10000550e-04  1.62000000e+00  1.10000550e-04 -5.38560083e-06  1.10000550e-04  5.00000000e-01                                 
 1.10000650e-04  8.75296964e-01  1.10000650e-04  8.29366803e-01  1.10000650e-04  4.82017910e-01  1.10000650e-04  1.26000000e+00  1.10000650e-04 -8.55407011e-05  1.10000650e-04  5.00000000e-01                                 
 1.10000850e-04  8.75297022e-01  1.10000850e-04  8.29366845e-01  1.10000850e-04  4.81977361e-01  1.10000850e-04  5.40000000e-01  1.10000850e-04  1.55401583e-04  1.10000850e-04  5.00000000e-01                                 
 1.10001000e-04  8.75296946e-01  1.10001000e-04  8.29366808e-01  1.10001000e-04  4.48847348e-01  1.10001000e-04  3.87436749e-11  1.10001000e-04  1.54001245e+00  1.10001000e-04  5.00000000e-01                                 
 1.10001012e-04  8.75296885e-01  1.10001012e-04  8.29366776e-01  1.10001012e-04  4.34163939e-01  1.10001012e-04  0.00000000e+00  1.10001012e-04  1.65966728e+00  1.10001012e-04  5.00000000e-01                                 
 1.10001036e-04  8.75296746e-01  1.10001036e-04  8.29366700e-01  1.10001036e-04  3.93892077e-01  1.10001036e-04  0.00000000e+00  1.10001036e-04  1.78819849e+00  1.10001036e-04  5.00000000e-01                                 
 1.10001084e-04  8.75296629e-01  1.10001084e-04  8.29366588e-01  1.10001084e-04  3.03483489e-01  1.10001084e-04  0.00000000e+00  1.10001084e-04  1.80136175e+00  1.10001084e-04  5.00000000e-01                                 
 1.10001151e-04  8.75296774e-01  1.10001151e-04  8.29366607e-01  1.10001151e-04  2.31709556e-01  1.10001151e-04  0.00000000e+00  1.10001151e-04  1.79501810e+00  1.10001151e-04  5.00000000e-01                                 
 1.10001231e-04  8.75297015e-01  1.10001231e-04  8.29366777e-01  1.10001231e-04  2.07729609e-01  1.10001231e-04  0.00000000e+00  1.10001231e-04  1.80129686e+00  1.10001231e-04  5.00000000e-01                                 
 1.10001364e-04  8.75297374e-01  1.10001364e-04  8.29367093e-01  1.10001364e-04  2.05954645e-01  1.10001364e-04  0.00000000e+00  1.10001364e-04  1.79803234e+00  1.10001364e-04  5.00000000e-01                                 
 1.10001506e-04  8.75297548e-01  1.10001506e-04  8.29367288e-01  1.10001506e-04  2.08768258e-01  1.10001506e-04  0.00000000e+00  1.10001506e-04  1.80143997e+00  1.10001506e-04  5.00000000e-01                                 
 1.10001773e-04  8.75297434e-01  1.10001773e-04  8.29367245e-01  1.10001773e-04  2.09368776e-01  1.10001773e-04  0.00000000e+00  1.10001773e-04  1.79862997e+00  1.10001773e-04  5.00000000e-01                                 
 1.10002054e-04  8.75296945e-01  1.10002054e-04  8.29366850e-01  1.10002054e-04  2.09649981e-01  1.10002054e-04  0.00000000e+00  1.10002054e-04  1.80128118e+00  1.10002054e-04  5.00000000e-01                                 
 1.10002616e-04  8.75296047e-01  1.10002616e-04  8.29366043e-01  1.10002616e-04  2.09686867e-01  1.10002616e-04  0.00000000e+00  1.10002616e-04  1.79877164e+00  1.10002616e-04  5.00000000e-01                                 
 1.10003640e-04  8.75296819e-01  1.10003640e-04  8.29366607e-01  1.10003640e-04  2.09915007e-01  1.10003640e-04  0.00000000e+00  1.10003640e-04  1.80120771e+00  1.10003640e-04  5.00000000e-01                                 
 1.10005686e-04  8.75306795e-01  1.10005686e-04  8.29375382e-01  1.10005686e-04  2.09960956e-01  1.10005686e-04  0.00000000e+00  1.10005686e-04  1.79880826e+00  1.10005686e-04  5.00000000e-01                                 
 1.10009779e-04  8.75330766e-01  1.10009779e-04  8.29397231e-01  1.10009779e-04  2.10237932e-01  1.10009779e-04  0.00000000e+00  1.10009779e-04  1.80118930e+00  1.10009779e-04  5.00000000e-01                                 
 1.10017966e-04  8.75339195e-01  1.10017966e-04  8.29405378e-01  1.10017966e-04  2.10280242e-01  1.10017966e-04  0.00000000e+00  1.10017966e-04  1.79881733e+00  1.10017966e-04  5.00000000e-01                                 
 1.10034338e-04  8.75308272e-01  1.10034338e-04  8.29377179e-01  1.10034338e-04  2.11273476e-01  1.10034338e-04  0.00000000e+00  1.10034338e-04  1.80118476e+00  1.10034338e-04  5.00000000e-01                                 
 1.10057155e-04  8.75288609e-01  1.10057155e-04  8.29359229e-01  1.10057155e-04  2.12729860e-01  1.10057155e-04  0.00000000e+00  1.10057155e-04  1.79881991e+00  1.10057155e-04  5.00000000e-01                                 
 1.10085289e-04  8.75286625e-01  1.10085289e-04  8.29357385e-01  1.10085289e-04  2.17129548e-01  1.10085289e-04  0.00000000e+00  1.10085289e-04  1.80118279e+00  1.10085289e-04  5.00000000e-01                                 
 1.10124141e-04  8.75295882e-01  1.10124141e-04  8.29365808e-01  1.10124141e-04  2.58102830e-01  1.10124141e-04  0.00000000e+00  1.10124141e-04  1.79882144e+00  1.10124141e-04  5.00000000e-01                                 
 1.10173718e-04  8.75292467e-01  1.10173718e-04  8.29362737e-01  1.10173718e-04  3.09057427e-01  1.10173718e-04  0.00000000e+00  1.10173718e-04  1.80118163e+00  1.10173718e-04  5.00000000e-01                                 
 1.10228272e-04  8.75295982e-01  1.10228272e-04  8.29365885e-01  1.10228272e-04  3.25851791e-01  1.10228272e-04  0.00000000e+00  1.10228272e-04  1.79882241e+00  1.10228272e-04  5.00000000e-01                                 
 1.10304713e-04  8.75294963e-01  1.10304713e-04  8.29365016e-01  1.10304713e-04  3.67256617e-01  1.10304713e-04  0.00000000e+00  1.10304713e-04  1.80118085e+00  1.10304713e-04  5.00000000e-01                                 
 1.10377185e-04  8.75296292e-01  1.10377185e-04  8.29366165e-01  1.10377185e-04  4.08583051e-01  1.10377185e-04  0.00000000e+00  1.10377185e-04  1.79882307e+00  1.10377185e-04  5.00000000e-01                                 
 1.10522129e-04  8.75296163e-01  1.10522129e-04  8.29366109e-01  1.10522129e-04  4.83598906e-01  1.10522129e-04  0.00000000e+00  1.10522129e-04  1.80118034e+00  1.10522129e-04  5.00000000e-01                                 
 1.10801143e-04  8.75296498e-01  1.10801143e-04  8.29366352e-01  1.10801143e-04  6.12261175e-01  1.10801143e-04  0.00000000e+00  1.10801143e-04  1.79882333e+00  1.10801143e-04  5.00000000e-01                                 
 1.11247198e-04  8.75296393e-01  1.11247198e-04  8.29366317e-01  1.11247198e-04  7.25873419e-01  1.11247198e-04  0.00000000e+00  1.11247198e-04  1.80118019e+00  1.11247198e-04  5.00000000e-01                                 
 1.12139308e-04  8.75296473e-01  1.12139308e-04  8.29366330e-01  1.12139308e-04  7.84047225e-01  1.12139308e-04  0.00000000e+00  1.12139308e-04  1.79882341e+00  1.12139308e-04  5.00000000e-01                                 
 1.13052894e-04  8.75296419e-01  1.13052894e-04  8.29366341e-01  1.13052894e-04  7.86151199e-01  1.13052894e-04  0.00000000e+00  1.13052894e-04  1.80118013e+00  1.13052894e-04  5.00000000e-01                                 
 1.14052894e-04  8.75296446e-01  1.14052894e-04  8.29366306e-01  1.14052894e-04  7.88456991e-01  1.14052894e-04  0.00000000e+00  1.14052894e-04  1.79882346e+00  1.14052894e-04  5.00000000e-01                                 
 1.15052894e-04  8.75296446e-01  1.15052894e-04  8.29366365e-01  1.15052894e-04  7.90656795e-01  1.15052894e-04  0.00000000e+00  1.15052894e-04  1.80118008e+00  1.15052894e-04  5.00000000e-01                                 
 1.16052894e-04  8.75296414e-01  1.16052894e-04  8.29366277e-01  1.16052894e-04  7.92617609e-01  1.16052894e-04  0.00000000e+00  1.16052894e-04  1.79882351e+00  1.16052894e-04  5.00000000e-01                                 
 1.17052894e-04  8.75296475e-01  1.17052894e-04  8.29366392e-01  1.17052894e-04  7.94348075e-01  1.17052894e-04  0.00000000e+00  1.17052894e-04  1.80118003e+00  1.17052894e-04  5.00000000e-01                                 
 1.18052894e-04  8.75296384e-01  1.18052894e-04  8.29366249e-01  1.18052894e-04  7.95898050e-01  1.18052894e-04  0.00000000e+00  1.18052894e-04  1.79882356e+00  1.18052894e-04  5.00000000e-01                                 
 1.19052894e-04  8.75296520e-01  1.19052894e-04  8.29366432e-01  1.19052894e-04  7.97291300e-01  1.19052894e-04  0.00000000e+00  1.19052894e-04  1.80117998e+00  1.19052894e-04  5.00000000e-01                                 
 1.20000000e-04  8.75296359e-01  1.20000000e-04  8.29366227e-01  1.20000000e-04  7.98490965e-01  1.20000000e-04  0.00000000e+00  1.20000000e-04  1.79882361e+00  1.20000000e-04  5.00000000e-01                                 
 1.20000050e-04  8.75296385e-01  1.20000050e-04  8.29366250e-01  1.20000050e-04  8.00996306e-01  1.20000050e-04  1.80000000e-01  1.20000050e-04  1.79994433e+00  1.20000050e-04  5.00000000e-01                                 
 1.20000150e-04  8.75296424e-01  1.20000150e-04  8.29366289e-01  1.20000150e-04  8.03539122e-01  1.20000150e-04  5.40000000e-01  1.20000150e-04  1.80010214e+00  1.20000150e-04  5.00000000e-01                                 
 1.20000350e-04  8.75296493e-01  1.20000350e-04  8.29366354e-01  1.20000350e-04  7.38648036e-01  1.20000350e-04  1.26000000e+00  1.20000350e-04  4.41566036e-01  1.20000350e-04  5.00000000e-01                                 
 1.20000500e-04  8.75296844e-01  1.20000500e-04  8.29366598e-01  1.20000500e-04  7.32672778e-01  1.20000500e-04  1.80000000e+00  1.20000500e-04 -2.26683360e-02  1.20000500e-04  5.00000000e-01                                 
 1.20000520e-04  8.75296808e-01  1.20000520e-04  8.29366600e-01  1.20000520e-04  7.30576376e-01  1.20000520e-04  1.80000000e+00  1.20000520e-04 -2.02445054e-03  1.20000520e-04  5.00000000e-01                                 
 1.20000560e-04  8.75296732e-01  1.20000560e-04  8.29366587e-01  1.20000560e-04  7.21750244e-01  1.20000560e-04  1.80000000e+00  1.20000560e-04  2.29743024e-03  1.20000560e-04  5.00000000e-01                                 
 1.20000641e-04  8.75296592e-01  1.20000641e-04  8.29366497e-01  1.20000641e-04  6.95955421e-01  1.20000641e-04  1.80000000e+00  1.20000641e-04 -1.45341984e-03  1.20000641e-04  5.00000000e-01                                 
 1.20000722e-04  8.75296472e-01  1.20000722e-04  8.29366390e-01  1.20000722e-04  6.72836710e-01  1.20000722e-04  1.80000000e+00  1.20000722e-04  1.58573764e-03  1.20000722e-04  5.00000000e-01                                 
 1.20000829e-04  8.75296373e-01  1.20000829e-04  8.29366292e-01  1.20000829e-04  6.50486540e-01  1.20000829e-04  1.80000000e+00  1.20000829e-04 -1.28946598e-03  1.20000829e-04  5.00000000e-01                                 
 1.20000963e-04  8.75296352e-01  1.20000963e-04  8.29366253e-01  1.20000963e-04  6.33453990e-01  1.20000963e-04  1.80000000e+00  1.20000963e-04  1.25704135e-03  1.20000963e-04  5.00000000e-01                                 
 1.20001143e-04  8.75296462e-01  1.20001143e-04  8.29366329e-01  1.20001143e-04  6.20072545e-01  1.20001143e-04  1.80000000e+00  1.20001143e-04 -1.17613207e-03  1.20001143e-04  5.00000000e-01                                 
 1.20001355e-04  8.75296719e-01  1.20001355e-04  8.29366538e-01  1.20001355e-04  6.11324859e-01  1.20001355e-04  1.80000000e+00  1.20001355e-04  1.11341306e-03  1.20001355e-04  5.00000000e-01                                 
 1.20001647e-04  8.75297140e-01  1.20001647e-04  8.29366905e-01  1.20001647e-04  6.03666080e-01  1.20001647e-04  1.80000000e+00  1.20001647e-04 -1.08555975e-03  1.20001647e-04  5.00000000e-01                                 
 1.20002060e-04  8.75297614e-01  1.20002060e-04  8.29367340e-01  1.20002060e-04  5.97204691e-01  1.20002060e-04  1.80000000e+00  1.20002060e-04  1.05189438e-03  1.20002060e-04  5.00000000e-01                                 
 1.20002796e-04  8.75297569e-01  1.20002796e-04  8.29367364e-01  1.20002796e-04  5.90994120e-01  1.20002796e-04  1.80000000e+00  1.20002796e-04 -1.04038515e-03  1.20002796e-04  5.00000000e-01                                 
 1.20004269e-04  8.75293780e-01  1.20004269e-04  8.29364098e-01  1.20004269e-04  5.86482034e-01  1.20004269e-04  1.80000000e+00  1.20004269e-04  1.03306172e-03  1.20004269e-04  5.00000000e-01                                 
 1.20007215e-04  8.75278728e-01  1.20007215e-04  8.29350574e-01  1.20007215e-04  5.84343152e-01  1.20007215e-04  1.80000000e+00  1.20007215e-04 -1.02846704e-03  1.20007215e-04  5.00000000e-01                                 
 1.20013106e-04  8.75257322e-01  1.20013106e-04  8.29330847e-01  1.20013106e-04  5.85013118e-01  1.20013106e-04  1.80000000e+00  1.20013106e-04  1.02766503e-03  1.20013106e-04  5.00000000e-01                                 
 1.20022383e-04  8.75263947e-01  1.20022383e-04  8.29336596e-01  1.20022383e-04  5.82568385e-01  1.20022383e-04  1.80000000e+00  1.20022383e-04 -1.02610112e-03  1.20022383e-04  5.00000000e-01                                 
 1.20040936e-04  8.75291723e-01  1.20040936e-04  8.29362017e-01  1.20040936e-04  5.65976800e-01  1.20040936e-04  1.80000000e+00  1.20040936e-04  1.02572942e-03  1.20040936e-04  5.00000000e-01                                 
 1.20061480e-04  8.75301324e-01  1.20061480e-04  8.29370739e-01  1.20061480e-04  5.59038899e-01  1.20061480e-04  1.80000000e+00  1.20061480e-04 -1.02469813e-03  1.20061480e-04  5.00000000e-01                                 
 1.20087281e-04  8.75304168e-01  1.20087281e-04  8.29373382e-01  1.20087281e-04  5.48441179e-01  1.20087281e-04  1.80000000e+00  1.20087281e-04  1.02466532e-03  1.20087281e-04  5.00000000e-01                                 
 1.20129392e-04  8.75298941e-01  1.20129392e-04  8.29368602e-01  1.20129392e-04  5.37798953e-01  1.20129392e-04  1.80000000e+00  1.20129392e-04 -1.02399707e-03  1.20129392e-04  5.00000000e-01                                 
 1.20187640e-04  8.75300150e-01  1.20187640e-04  8.29369708e-01  1.20187640e-04  5.29043144e-01  1.20187640e-04  1.80000000e+00  1.20187640e-04  1.02421375e-03  1.20187640e-04  5.00000000e-01                                 
 1.20276980e-04  8.75296527e-01  1.20276980e-04  8.29366412e-01  1.20276980e-04  5.19783962e-01  1.20276980e-04  1.80000000e+00  1.20276980e-04 -1.02370390e-03  1.20276980e-04  5.00000000e-01                                 
 1.20412223e-04  8.75297531e-01  1.20412223e-04  8.29367319e-01  1.20412223e-04  5.14633385e-01  1.20412223e-04  1.80000000e+00  1.20412223e-04  1.02401974e-03  1.20412223e-04  5.00000000e-01                                 
 1.20620229e-04  8.75295685e-01  1.20620229e-04  8.29365648e-01  1.20620229e-04  5.08766274e-01  1.20620229e-04  1.80000000e+00  1.20620229e-04 -1.02358094e-03  1.20620229e-04  5.00000000e-01                                 
 1.20920996e-04  8.75297116e-01  1.20920996e-04  8.29366940e-01  1.20920996e-04  5.07579569e-01  1.20920996e-04  1.80000000e+00  1.20920996e-04  1.02393734e-03  1.20920996e-04  5.00000000e-01                                 
 1.21419436e-04  8.75295757e-01  1.21419436e-04  8.29365714e-01  1.21419436e-04  5.04967408e-01  1.21419436e-04  1.80000000e+00  1.21419436e-04 -1.02352724e-03  1.21419436e-04  5.00000000e-01                                 
 1.22020796e-04  8.75297066e-01  1.22020796e-04  8.29366894e-01  1.22020796e-04  5.05161664e-01  1.22020796e-04  1.80000000e+00  1.22020796e-04  1.02390039e-03  1.22020796e-04  5.00000000e-01                                 
 1.23020796e-04  8.75295811e-01  1.23020796e-04  8.29365764e-01  1.23020796e-04  5.03683184e-01  1.23020796e-04  1.80000000e+00  1.23020796e-04 -1.02350056e-03  1.23020796e-04  5.00000000e-01                                 
 1.24020796e-04  8.75297054e-01  1.24020796e-04  8.29366883e-01  1.24020796e-04  5.04173536e-01  1.24020796e-04  1.80000000e+00  1.24020796e-04  1.02388039e-03  1.24020796e-04  5.00000000e-01                                 
 1.25020796e-04  8.75295835e-01  1.25020796e-04  8.29365786e-01  1.25020796e-04  5.03085611e-01  1.25020796e-04  1.80000000e+00  1.25020796e-04 -1.02348075e-03  1.25020796e-04  5.00000000e-01                                 
 1.26020796e-04  8.75297020e-01  1.26020796e-04  8.29366852e-01  1.26020796e-04  5.03737545e-01  1.26020796e-04  1.80000000e+00  1.26020796e-04  1.02386033e-03  1.26020796e-04  5.00000000e-01                                 
 1.27020796e-04  8.75295867e-01  1.27020796e-04  8.29365815e-01  1.27020796e-04  5.02754698e-01  1.27020796e-04  1.80000000e+00  1.27020796e-04 -1.02346070e-03  1.27020796e-04  5.00000000e-01                                 
 1.28020796e-04  8.75296988e-01  1.28020796e-04  8.29366822e-01  1.28020796e-04  5.03463496e-01  1.28020796e-04  1.80000000e+00  1.28020796e-04  1.02384027e-03  1.28020796e-04  5.00000000e-01                                 
 1.29020796e-04  8.75295901e-01  1.29020796e-04  8.29365847e-01  1.29020796e-04  5.02530435e-01  1.29020796e-04  1.80000000e+00  1.29020796e-04 -1.02344064e-03  1.29020796e-04  5.00000000e-01                                 
 1.30000500e-04  8.75296956e-01  1.30000500e-04  8.29366793e-01  1.30000500e-04  5.03267227e-01  1.30000500e-04  1.80000000e+00  1.30000500e-04  1.02381999e-03  1.30000500e-04  5.00000000e-01                                 
 1.30000550e-04  8.75296942e-01  1.30000550e-04  8.29366786e-01  1.30000550e-04  4.95315570e-01  1.30000550e-04  1.62000000e+00  1.30000550e-04 -5.38560021e-06  1.30000550e-04  5.00000000e-01                                 
 1.30000650e-04  8.75296944e-01  1.30000650e-04  8.29366784e-01  1.30000650e-04  4.82017889e-01  1.30000650e-04  1.26000000e+00  1.30000650e-04 -8.55406986e-05  1.30000650e-04  5.00000000e-01                                 
 1.30000850e-04  8.75297002e-01  1.30000850e-04  8.29366826e-01  1.30000850e-04  4.81977340e-01  1.30000850e-04  5.40000000e-01  1.30000850e-04  1.55401578e-04  1.30000850e-04  5.00000000e-01                                 
 1.30001000e-04  8.75296925e-01  1.30001000e-04  8.29366789e-01  1.30001000e-04  4.48847329e-01  1.30001000e-04  3.87436749e-11  1.30001000e-04  1.54001245e+00  1.30001000e-04  5.00000000e-01                                 
 1.30001012e-04  8.75296865e-01  1.30001012e-04  8.29366758e-01  1.30001012e-04  4.34163919e-01  1.30001012e-04  0.00000000e+00  1.30001012e-04  1.65966728e+00  1.30001012e-04  5.00000000e-01                                 
 1.30001036e-04  8.75296725e-01  1.30001036e-04  8.29366681e-01  1.30001036e-04  3.93892058e-01  1.30001036e-04  0.00000000e+00  1.30001036e-04  1.78819850e+00  1.30001036e-04  5.00000000e-01                                 
 1.30001084e-04  8.75296609e-01  1.30001084e-04  8.29366570e-01  1.30001084e-04  3.03483475e-01  1.30001084e-04  0.00000000e+00  1.30001084e-04  1.80136174e+00  1.30001084e-04  5.00000000e-01                                 
 1.30001151e-04  8.75296753e-01  1.30001151e-04  8.29366589e-01  1.30001151e-04  2.31709554e-01  1.30001151e-04  0.00000000e+00  1.30001151e-04  1.79501810e+00  1.30001151e-04  5.00000000e-01                                 
 1.30001231e-04  8.75296995e-01  1.30001231e-04  8.29366758e-01  1.30001231e-04  2.07729614e-01  1.30001231e-04  0.00000000e+00  1.30001231e-04  1.80129686e+00  1.30001231e-04  5.00000000e-01                                 
 1.30001364e-04  8.75297353e-01  1.30001364e-04  8.29367074e-01  1.30001364e-04  2.05954650e-01  1.30001364e-04  0.00000000e+00  1.30001364e-04  1.79803234e+00  1.30001364e-04  5.00000000e-01                                 
 1.30001506e-04  8.75297528e-01  1.30001506e-04  8.29367269e-01  1.30001506e-04  2.08768262e-01  1.30001506e-04  0.00000000e+00  1.30001506e-04  1.80143997e+00  1.30001506e-04  5.00000000e-01                                 
 1.30001773e-04  8.75297413e-01  1.30001773e-04  8.29367226e-01  1.30001773e-04  2.09368780e-01  1.30001773e-04  0.00000000e+00  1.30001773e-04  1.79862997e+00  1.30001773e-04  5.00000000e-01                                 
 1.30002054e-04  8.75296925e-01  1.30002054e-04  8.29366831e-01  1.30002054e-04  2.09649985e-01  1.30002054e-04  0.00000000e+00  1.30002054e-04  1.80128118e+00  1.30002054e-04  5.00000000e-01                                 
 1.30002616e-04  8.75296026e-01  1.30002616e-04  8.29366024e-01  1.30002616e-04  2.09686872e-01  1.30002616e-04  0.00000000e+00  1.30002616e-04  1.79877164e+00  1.30002616e-04  5.00000000e-01                                 
 1.30003640e-04  8.75296799e-01  1.30003640e-04  8.29366588e-01  1.30003640e-04  2.09915011e-01  1.30003640e-04  0.00000000e+00  1.30003640e-04  1.80120771e+00  1.30003640e-04  5.00000000e-01                                 
 1.30005686e-04  8.75306775e-01  1.30005686e-04  8.29375363e-01  1.30005686e-04  2.09960961e-01  1.30005686e-04  0.00000000e+00  1.30005686e-04  1.79880826e+00  1.30005686e-04  5.00000000e-01                                 
 1.30009779e-04  8.75330746e-01  1.30009779e-04  8.29397213e-01  1.30009779e-04  2.10237936e-01  1.30009779e-04  0.00000000e+00  1.30009779e-04  1.80118930e+00  1.30009779e-04  5.00000000e-01                                 
 1.30017966e-04  8.75339177e-01  1.30017966e-04  8.29405361e-01  1.30017966e-04  2.10280247e-01  1.30017966e-04  0.00000000e+00  1.30017966e-04  1.79881733e+00  1.30017966e-04  5.00000000e-01                                 
 1.30034338e-04  8.75308257e-01  1.30034338e-04  8.29377165e-01  1.30034338e-04  2.11273483e-01  1.30034338e-04  0.00000000e+00  1.30034338e-04  1.80118476e+00  1.30034338e-04  5.00000000e-01                                 
 1.30057155e-04  8.75288597e-01  1.30057155e-04  8.29359218e-01  1.30057155e-04  2.12729864e-01  1.30057155e-04  0.00000000e+00  1.30057155e-04  1.79881991e+00  1.30057155e-04  5.00000000e-01                                 
 1.30085289e-04  8.75286614e-01  1.30085289e-04  8.29357376e-01  1.30085289e-04  2.17129642e-01  1.30085289e-04  0.00000000e+00  1.30085289e-04  1.80118279e+00  1.30085289e-04  5.00000000e-01                                 
 1.30124141e-04  8.75295873e-01  1.30124141e-04  8.29365800e-01  1.30124141e-04  2.58103140e-01  1.30124141e-04  0.00000000e+00  1.30124141e-04  1.79882144e+00  1.30124141e-04  5.00000000e-01                                 
 1.30173718e-04  8.75292458e-01  1.30173718e-04  8.29362729e-01  1.30173718e-04  3.09057700e-01  1.30173718e-04  0.00000000e+00  1.30173718e-04  1.80118163e+00  1.30173718e-04  5.00000000e-01                                 
 1.30228272e-04  8.75295974e-01  1.30228272e-04  8.29365878e-01  1.30228272e-04  3.25851939e-01  1.30228272e-04  0.00000000e+00  1.30228272e-04  1.79882241e+00  1.30228272e-04  5.00000000e-01                                 
 1.30304713e-04  8.75294961e-01  1.30304713e-04  8.29365014e-01  1.30304713e-04  3.67256673e-01  1.30304713e-04  0.00000000e+00  1.30304713e-04  1.80118085e+00  1.30304713e-04  5.00000000e-01                                 
 1.30377184e-04  8.75296289e-01  1.30377184e-04  8.29366162e-01  1.30377184e-04  4.08583059e-01  1.30377184e-04  0.00000000e+00  1.30377184e-04  1.79882307e+00  1.30377184e-04  5.00000000e-01                                 
 1.30522128e-04  8.75296160e-01  1.30522128e-04  8.29366106e-01  1.30522128e-04  4.83598762e-01  1.30522128e-04  0.00000000e+00  1.30522128e-04  1.80118034e+00  1.30522128e-04  5.00000000e-01                                 
 1.30801142e-04  8.75296492e-01  1.30801142e-04  8.29366348e-01  1.30801142e-04  6.12260844e-01  1.30801142e-04  0.00000000e+00  1.30801142e-04  1.79882333e+00  1.30801142e-04  5.00000000e-01                                 
 1.31247197e-04  8.75296383e-01  1.31247197e-04  8.29366309e-01  1.31247197e-04  7.25873562e-01  1.31247197e-04  0.00000000e+00  1.31247197e-04  1.80118019e+00  1.31247197e-04  5.00000000e-01                                 
 1.32139307e-04  8.75296473e-01  1.32139307e-04  8.29366329e-01  1.32139307e-04  7.84047766e-01  1.32139307e-04  0.00000000e+00  1.32139307e-04  1.79882341e+00  1.32139307e-04  5.00000000e-01                                 
 1.33052892e-04  8.75296411e-01  1.33052892e-04  8.29366334e-01  1.33052892e-04  7.86151829e-01  1.33052892e-04  0.00000000e+00  1.33052892e-04  1.80118013e+00  1.33052892e-04  5.00000000e-01                                 
 1.34052892e-04  8.75296439e-01  1.34052892e-04  8.29366299e-01  1.34052892e-04  7.88457497e-01  1.34052892e-04  0.00000000e+00  1.34052892e-04  1.79882346e+00  1.34052892e-04  5.00000000e-01                                 
 1.35052892e-04  8.75296441e-01  1.35052892e-04  8.29366361e-01  1.35052892e-04  7.90657063e-01  1.35052892e-04  0.00000000e+00  1.35052892e-04  1.80118008e+00  1.35052892e-04  5.00000000e-01                                 
 1.36052892e-04  8.75296417e-01  1.36052892e-04  8.29366279e-01  1.36052892e-04  7.92617718e-01  1.36052892e-04  0.00000000e+00  1.36052892e-04  1.79882351e+00  1.36052892e-04  5.00000000e-01                                 
 1.37052892e-04  8.75296484e-01  1.37052892e-04  8.29366400e-01  1.37052892e-04  7.94348077e-01  1.37052892e-04  0.00000000e+00  1.37052892e-04  1.80118003e+00  1.37052892e-04  5.00000000e-01                                 
 1.38052892e-04  8.75296380e-01  1.38052892e-04  8.29366246e-01  1.38052892e-04  7.95897965e-01  1.38052892e-04  0.00000000e+00  1.38052892e-04  1.79882356e+00  1.38052892e-04  5.00000000e-01                                 
 1.39052892e-04  8.75296518e-01  1.39052892e-04  8.29366431e-01  1.39052892e-04  7.97291133e-01  1.39052892e-04  0.00000000e+00  1.39052892e-04  1.80117998e+00  1.39052892e-04  5.00000000e-01                                 
 1.40000000e-04  8.75296361e-01  1.40000000e-04  8.29366228e-01  1.40000000e-04  7.98490640e-01  1.40000000e-04  0.00000000e+00  1.40000000e-04  1.79882361e+00  1.40000000e-04  5.00000000e-01                                 
 1.40000050e-04  8.75296386e-01  1.40000050e-04  8.29366250e-01  1.40000050e-04  8.00995979e-01  1.40000050e-04  1.80000000e-01  1.40000050e-04  1.79994433e+00  1.40000050e-04  5.00000000e-01                                 
 1.40000150e-04  8.75296426e-01  1.40000150e-04  8.29366290e-01  1.40000150e-04  8.03538796e-01  1.40000150e-04  5.40000000e-01  1.40000150e-04  1.80010214e+00  1.40000150e-04  5.00000000e-01                                 
 1.40000350e-04  8.75296495e-01  1.40000350e-04  8.29366355e-01  1.40000350e-04  7.38647704e-01  1.40000350e-04  1.26000000e+00  1.40000350e-04  4.41566109e-01  1.40000350e-04  5.00000000e-01                                 
 1.40000500e-04  8.75296845e-01  1.40000500e-04  8.29366599e-01  1.40000500e-04  7.32672456e-01  1.40000500e-04  1.80000000e+00  1.40000500e-04 -2.26683323e-02  1.40000500e-04  5.00000000e-01                                 
 1.40000520e-04  8.75296809e-01  1.40000520e-04  8.29366601e-01  1.40000520e-04  7.30576057e-01  1.40000520e-04  1.80000000e+00  1.40000520e-04 -2.02445011e-03  1.40000520e-04  5.00000000e-01                                 
 1.40000560e-04  8.75296733e-01  1.40000560e-04  8.29366588e-01  1.40000560e-04  7.21749933e-01  1.40000560e-04  1.80000000e+00  1.40000560e-04  2.29742989e-03  1.40000560e-04  5.00000000e-01                                 
 1.40000641e-04  8.75296594e-01  1.40000641e-04  8.29366498e-01  1.40000641e-04  6.95955134e-01  1.40000641e-04  1.80000000e+00  1.40000641e-04 -1.45341964e-03  1.40000641e-04  5.00000000e-01                                 
 1.40000722e-04  8.75296473e-01  1.40000722e-04  8.29366391e-01  1.40000722e-04  6.72836454e-01  1.40000722e-04  1.80000000e+00  1.40000722e-04  1.58573733e-03  1.40000722e-04  5.00000000e-01                                 
 1.40000829e-04  8.75296374e-01  1.40000829e-04  8.29366293e-01  1.40000829e-04  6.50486322e-01  1.40000829e-04  1.80000000e+00  1.40000829e-04 -1.28946583e-03  1.40000829e-04  5.00000000e-01                                 
 1.40000963e-04  8.75296353e-01  1.40000963e-04  8.29366254e-01  1.40000963e-04  6.33453809e-01  1.40000963e-04  1.80000000e+00  1.40000963e-04  1.25704114e-03  1.40000963e-04  5.00000000e-01                                 
 1.40001143e-04  8.75296463e-01  1.40001143e-04  8.29366330e-01  1.40001143e-04  6.20072403e-01  1.40001143e-04  1.80000000e+00  1.40001143e-04 -1.17613186e-03  1.40001143e-04  5.00000000e-01                                 
 1.40001355e-04  8.75296720e-01  1.40001355e-04  8.29366539e-01  1.40001355e-04  6.11324741e-01  1.40001355e-04  1.80000000e+00  1.40001355e-04  1.11341290e-03  1.40001355e-04  5.00000000e-01                                 
 1.40001647e-04  8.75297142e-01  1.40001647e-04  8.29366906e-01  1.40001647e-04  6.03665985e-01  1.40001647e-04  1.80000000e+00  1.40001647e-04 -1.08555957e-03  1.40001647e-04  5.00000000e-01                                 
 1.40002060e-04  8.75297616e-01  1.40002060e-04  8.29367342e-01  1.40002060e-04  5.97204615e-01  1.40002060e-04  1.80000000e+00  1.40002060e-04  1.05189426e-03  1.40002060e-04  5.00000000e-01                                 
 1.40002796e-04  8.75297570e-01  1.40002796e-04  8.29367365e-01  1.40002796e-04  5.90994064e-01  1.40002796e-04  1.80000000e+00  1.40002796e-04 -1.04038502e-03  1.40002796e-04  5.00000000e-01                                 
 1.40004269e-04  8.75293782e-01  1.40004269e-04  8.29364099e-01  1.40004269e-04  5.86481991e-01  1.40004269e-04  1.80000000e+00  1.40004269e-04  1.03306162e-03  1.40004269e-04  5.00000000e-01                                 
 1.40007215e-04  8.75278730e-01  1.40007215e-04  8.29350575e-01  1.40007215e-04  5.84343113e-01  1.40007215e-04  1.80000000e+00  1.40007215e-04 -1.02846694e-03  1.40007215e-04  5.00000000e-01                                 
 1.40013106e-04  8.75257324e-01  1.40013106e-04  8.29330848e-01  1.40013106e-04  5.85013077e-01  1.40013106e-04  1.80000000e+00  1.40013106e-04  1.02766493e-03  1.40013106e-04  5.00000000e-01                                 
 1.40022383e-04  8.75263949e-01  1.40022383e-04  8.29336598e-01  1.40022383e-04  5.82568372e-01  1.40022383e-04  1.80000000e+00  1.40022383e-04 -1.02610102e-03  1.40022383e-04  5.00000000e-01                                 
 1.40040936e-04  8.75291725e-01  1.40040936e-04  8.29362019e-01  1.40040936e-04  5.65976774e-01  1.40040936e-04  1.80000000e+00  1.40040936e-04  1.02572932e-03  1.40040936e-04  5.00000000e-01                                 
 1.40061481e-04  8.75301327e-01  1.40061481e-04  8.29370741e-01  1.40061481e-04  5.59038874e-01  1.40061481e-04  1.80000000e+00  1.40061481e-04 -1.02469803e-03  1.40061481e-04  5.00000000e-01                                 
 1.40087281e-04  8.75304172e-01  1.40087281e-04  8.29373385e-01  1.40087281e-04  5.48441157e-01  1.40087281e-04  1.80000000e+00  1.40087281e-04  1.02466521e-03  1.40087281e-04  5.00000000e-01                                 
 1.40129392e-04  8.75298943e-01  1.40129392e-04  8.29368603e-01  1.40129392e-04  5.37798937e-01  1.40129392e-04  1.80000000e+00  1.40129392e-04 -1.02399697e-03  1.40129392e-04  5.00000000e-01                                 
 1.40187640e-04  8.75300150e-01  1.40187640e-04  8.29369708e-01  1.40187640e-04  5.29043147e-01  1.40187640e-04  1.80000000e+00  1.40187640e-04  1.02421365e-03  1.40187640e-04  5.00000000e-01                                 
 1.40276980e-04  8.75296527e-01  1.40276980e-04  8.29366412e-01  1.40276980e-04  5.19783967e-01  1.40276980e-04  1.80000000e+00  1.40276980e-04 -1.02370380e-03  1.40276980e-04  5.00000000e-01                                 
 1.40412223e-04  8.75297527e-01  1.40412223e-04  8.29367316e-01  1.40412223e-04  5.14633405e-01  1.40412223e-04  1.80000000e+00  1.40412223e-04  1.02401964e-03  1.40412223e-04  5.00000000e-01                                 
 1.40620228e-04  8.75295683e-01  1.40620228e-04  8.29365646e-01  1.40620228e-04  5.08766283e-01  1.40620228e-04  1.80000000e+00  1.40620228e-04 -1.02358084e-03  1.40620228e-04  5.00000000e-01                                 
 1.40920994e-04  8.75297125e-01  1.40920994e-04  8.29366948e-01  1.40920994e-04  5.07579589e-01  1.40920994e-04  1.80000000e+00  1.40920994e-04  1.02393724e-03  1.40920994e-04  5.00000000e-01                                 
 1.41419432e-04  8.75295781e-01  1.41419432e-04  8.29365736e-01  1.41419432e-04  5.04967414e-01  1.41419432e-04  1.80000000e+00  1.41419432e-04 -1.02352714e-03  1.41419432e-04  5.00000000e-01                                 
 1.42020791e-04  8.75297087e-01  1.42020791e-04  8.29366913e-01  1.42020791e-04  5.05161672e-01  1.42020791e-04  1.80000000e+00  1.42020791e-04  1.02390029e-03  1.42020791e-04  5.00000000e-01                                 
 1.43020791e-04  8.75295809e-01  1.43020791e-04  8.29365762e-01  1.43020791e-04  5.03683159e-01  1.43020791e-04  1.80000000e+00  1.43020791e-04 -1.02350046e-03  1.43020791e-04  5.00000000e-01                                 
 1.44020791e-04  8.75297053e-01  1.44020791e-04  8.29366882e-01  1.44020791e-04  5.04173527e-01  1.44020791e-04  1.80000000e+00  1.44020791e-04  1.02388029e-03  1.44020791e-04  5.00000000e-01                                 
 1.45020791e-04  8.75295835e-01  1.45020791e-04  8.29365786e-01  1.45020791e-04  5.03085587e-01  1.45020791e-04  1.80000000e+00  1.45020791e-04 -1.02348065e-03  1.45020791e-04  5.00000000e-01                                 
 1.46020791e-04  8.75297018e-01  1.46020791e-04  8.29366849e-01  1.46020791e-04  5.03737523e-01  1.46020791e-04  1.80000000e+00  1.46020791e-04  1.02386023e-03  1.46020791e-04  5.00000000e-01                                 
 1.47020791e-04  8.75295857e-01  1.47020791e-04  8.29365807e-01  1.47020791e-04  5.02754664e-01  1.47020791e-04  1.80000000e+00  1.47020791e-04 -1.02346060e-03  1.47020791e-04  5.00000000e-01                                 
 1.48020791e-04  8.75296981e-01  1.48020791e-04  8.29366816e-01  1.48020791e-04  5.03463478e-01  1.48020791e-04  1.80000000e+00  1.48020791e-04  1.02384017e-03  1.48020791e-04  5.00000000e-01                                 
 1.49020791e-04  8.75295894e-01  1.49020791e-04  8.29365840e-01  1.49020791e-04  5.02530403e-01  1.49020791e-04  1.80000000e+00  1.49020791e-04 -1.02344054e-03  1.49020791e-04  5.00000000e-01                                 
 1.50000500e-04  8.75296973e-01  1.50000500e-04  8.29366808e-01  1.50000500e-04  5.03267245e-01  1.50000500e-04  1.80000000e+00  1.50000500e-04  1.02381989e-03  1.50000500e-04  5.00000000e-01                                 
 1.50000550e-04  8.75296958e-01  1.50000550e-04  8.29366801e-01  1.50000550e-04  4.95315589e-01  1.50000550e-04  1.62000000e+00  1.50000550e-04 -5.38560668e-06  1.50000550e-04  5.00000000e-01                                 
 1.50000650e-04  8.75296960e-01  1.50000650e-04  8.29366800e-01  1.50000650e-04  4.82017908e-01  1.50000650e-04  1.26000000e+00  1.50000650e-04 -8.55406941e-05  1.50000650e-04  5.00000000e-01                                 
 1.50000850e-04  8.75297018e-01  1.50000850e-04  8.29366841e-01  1.50000850e-04  4.81977359e-01  1.50000850e-04  5.40000000e-01  1.50000850e-04  1.55401576e-04  1.50000850e-04  5.00000000e-01                                 
 1.50001000e-04  8.75296942e-01  1.50001000e-04  8.29366804e-01  1.50001000e-04  4.48847347e-01  1.50001000e-04  0.00000000e+00  1.50001000e-04  1.54001245e+00  1.50001000e-04  5.00000000e-01                                 
 1.50001012e-04  8.75296881e-01  1.50001012e-04  8.29366773e-01  1.50001012e-04  4.34163938e-01  1.50001012e-04  0.00000000e+00  1.50001012e-04  1.65966728e+00  1.50001012e-04  5.00000000e-01                                 
 1.50001036e-04  8.75296742e-01  1.50001036e-04  8.29366696e-01  1.50001036e-04  3.93892076e-01  1.50001036e-04  0.00000000e+00  1.50001036e-04  1.78819849e+00  1.50001036e-04  5.00000000e-01                                 
 1.50001084e-04  8.75296625e-01  1.50001084e-04  8.29366585e-01  1.50001084e-04  3.03483489e-01  1.50001084e-04  0.00000000e+00  1.50001084e-04  1.80136174e+00  1.50001084e-04  5.00000000e-01                                 
 1.50001151e-04  8.75296770e-01  1.50001151e-04  8.29366604e-01  1.50001151e-04  2.31709557e-01  1.50001151e-04  0.00000000e+00  1.50001151e-04  1.79501810e+00  1.50001151e-04  5.00000000e-01                                 
 1.50001231e-04  8.75297011e-01  1.50001231e-04  8.29366773e-01  1.50001231e-04  2.07729611e-01  1.50001231e-04  0.00000000e+00  1.50001231e-04  1.80129686e+00  1.50001231e-04  5.00000000e-01                                 
 1.50001364e-04  8.75297370e-01  1.50001364e-04  8.29367089e-01  1.50001364e-04  2.05954647e-01  1.50001364e-04  0.00000000e+00  1.50001364e-04  1.79803234e+00  1.50001364e-04  5.00000000e-01                                 
 1.50001506e-04  8.75297544e-01  1.50001506e-04  8.29367284e-01  1.50001506e-04  2.08768260e-01  1.50001506e-04  0.00000000e+00  1.50001506e-04  1.80143997e+00  1.50001506e-04  5.00000000e-01                                 
 1.50001773e-04  8.75297430e-01  1.50001773e-04  8.29367241e-01  1.50001773e-04  2.09368778e-01  1.50001773e-04  0.00000000e+00  1.50001773e-04  1.79862997e+00  1.50001773e-04  5.00000000e-01                                 
 1.50002054e-04  8.75296941e-01  1.50002054e-04  8.29366846e-01  1.50002054e-04  2.09649983e-01  1.50002054e-04  0.00000000e+00  1.50002054e-04  1.80128118e+00  1.50002054e-04  5.00000000e-01                                 
 1.50002616e-04  8.75296042e-01  1.50002616e-04  8.29366040e-01  1.50002616e-04  2.09686870e-01  1.50002616e-04  0.00000000e+00  1.50002616e-04  1.79877164e+00  1.50002616e-04  5.00000000e-01                                 
 1.50003640e-04  8.75296815e-01  1.50003640e-04  8.29366603e-01  1.50003640e-04  2.09915009e-01  1.50003640e-04  0.00000000e+00  1.50003640e-04  1.80120771e+00  1.50003640e-04  5.00000000e-01                                 
 1.50005686e-04  8.75306792e-01  1.50005686e-04  8.29375378e-01  1.50005686e-04  2.09960959e-01  1.50005686e-04  0.00000000e+00  1.50005686e-04  1.79880826e+00  1.50005686e-04  5.00000000e-01                                 
 1.50009779e-04  8.75330762e-01  1.50009779e-04  8.29397227e-01  1.50009779e-04  2.10237934e-01  1.50009779e-04  0.00000000e+00  1.50009779e-04  1.80118930e+00  1.50009779e-04  5.00000000e-01                                 
 1.50017966e-04  8.75339192e-01  1.50017966e-04  8.29405375e-01  1.50017966e-04  2.10280245e-01  1.50017966e-04  0.00000000e+00  1.50017966e-04  1.79881733e+00  1.50017966e-04  5.00000000e-01                                 
 1.50034338e-04  8.75308271e-01  1.50034338e-04  8.29377177e-01  1.50034338e-04  2.11273479e-01  1.50034338e-04  0.00000000e+00  1.50034338e-04  1.80118476e+00  1.50034338e-04  5.00000000e-01                                 
 1.50057155e-04  8.75288609e-01  1.50057155e-04  8.29359228e-01  1.50057155e-04  2.12729862e-01  1.50057155e-04  0.00000000e+00  1.50057155e-04  1.79881991e+00  1.50057155e-04  5.00000000e-01                                 
 1.50085289e-04  8.75286624e-01  1.50085289e-04  8.29357384e-01  1.50085289e-04  2.17129594e-01  1.50085289e-04  0.00000000e+00  1.50085289e-04  1.80118279e+00  1.50085289e-04  5.00000000e-01                                 
 1.50124141e-04  8.75295880e-01  1.50124141e-04  8.29365806e-01  1.50124141e-04  2.58103024e-01  1.50124141e-04  0.00000000e+00  1.50124141e-04  1.79882144e+00  1.50124141e-04  5.00000000e-01                                 
 1.50173718e-04  8.75292467e-01  1.50173718e-04  8.29362737e-01  1.50173718e-04  3.09057634e-01  1.50173718e-04  0.00000000e+00  1.50173718e-04  1.80118163e+00  1.50173718e-04  5.00000000e-01                                 
 1.50228272e-04  8.75295984e-01  1.50228272e-04  8.29365886e-01  1.50228272e-04  3.25851906e-01  1.50228272e-04  0.00000000e+00  1.50228272e-04  1.79882241e+00  1.50228272e-04  5.00000000e-01                                 
 1.50304713e-04  8.75294965e-01  1.50304713e-04  8.29365018e-01  1.50304713e-04  3.67256575e-01  1.50304713e-04  0.00000000e+00  1.50304713e-04  1.80118085e+00  1.50304713e-04  5.00000000e-01                                 
 1.50377184e-04  8.75296296e-01  1.50377184e-04  8.29366168e-01  1.50377184e-04  4.08582951e-01  1.50377184e-04  0.00000000e+00  1.50377184e-04  1.79882307e+00  1.50377184e-04  5.00000000e-01                                 
 1.50522128e-04  8.75296169e-01  1.50522128e-04  8.29366114e-01  1.50522128e-04  4.83598725e-01  1.50522128e-04  0.00000000e+00  1.50522128e-04  1.80118034e+00  1.50522128e-04  5.00000000e-01                                 
 1.50801142e-04  8.75296499e-01  1.50801142e-04  8.29366354e-01  1.50801142e-04  6.12260813e-01  1.50801142e-04  0.00000000e+00  1.50801142e-04  1.79882333e+00  1.50801142e-04  5.00000000e-01                                 
 1.51247196e-04  8.75296391e-01  1.51247196e-04  8.29366315e-01  1.51247196e-04  7.25873306e-01  1.51247196e-04  0.00000000e+00  1.51247196e-04  1.80118019e+00  1.51247196e-04  5.00000000e-01                                 
 1.52139305e-04  8.75296482e-01  1.52139305e-04  8.29366338e-01  1.52139305e-04  7.84047321e-01  1.52139305e-04  0.00000000e+00  1.52139305e-04  1.79882341e+00  1.52139305e-04  5.00000000e-01                                 
 1.53052891e-04  8.75296411e-01  1.53052891e-04  8.29366333e-01  1.53052891e-04  7.86151333e-01  1.53052891e-04  0.00000000e+00  1.53052891e-04  1.80118013e+00  1.53052891e-04  5.00000000e-01                                 
 1.54052891e-04  8.75296444e-01  1.54052891e-04  8.29366304e-01  1.54052891e-04  7.88457171e-01  1.54052891e-04  0.00000000e+00  1.54052891e-04  1.79882346e+00  1.54052891e-04  5.00000000e-01                                 
 1.55052891e-04  8.75296453e-01  1.55052891e-04  8.29366372e-01  1.55052891e-04  7.90656945e-01  1.55052891e-04  0.00000000e+00  1.55052891e-04  1.80118008e+00  1.55052891e-04  5.00000000e-01                                 
 1.56052891e-04  8.75296419e-01  1.56052891e-04  8.29366281e-01  1.56052891e-04  7.92617703e-01  1.56052891e-04  0.00000000e+00  1.56052891e-04  1.79882351e+00  1.56052891e-04  5.00000000e-01                                 
 1.57052891e-04  8.75296484e-01  1.57052891e-04  8.29366400e-01  1.57052891e-04  7.94348083e-01  1.57052891e-04  0.00000000e+00  1.57052891e-04  1.80118003e+00  1.57052891e-04  5.00000000e-01                                 
 1.58052891e-04  8.75296383e-01  1.58052891e-04  8.29366249e-01  1.58052891e-04  7.95897910e-01  1.58052891e-04  0.00000000e+00  1.58052891e-04  1.79882356e+00  1.58052891e-04  5.00000000e-01                                 
 1.59052891e-04  8.75296506e-01  1.59052891e-04  8.29366420e-01  1.59052891e-04  7.97291033e-01  1.59052891e-04  0.00000000e+00  1.59052891e-04  1.80117998e+00  1.59052891e-04  5.00000000e-01                                 
 1.60000000e-04  8.75296356e-01  1.60000000e-04  8.29366224e-01  1.60000000e-04  7.98490582e-01  1.60000000e-04  0.00000000e+00  1.60000000e-04  1.79882361e+00  1.60000000e-04  5.00000000e-01                                 
 1.60000050e-04  8.75296381e-01  1.60000050e-04  8.29366246e-01  1.60000050e-04  8.00995922e-01  1.60000050e-04  1.80000000e-01  1.60000050e-04  1.79994433e+00  1.60000050e-04  5.00000000e-01                                 
 1.60000150e-04  8.75296421e-01  1.60000150e-04  8.29366285e-01  1.60000150e-04  8.03538738e-01  1.60000150e-04  5.40000000e-01  1.60000150e-04  1.80010214e+00  1.60000150e-04  5.00000000e-01                                 
 1.60000350e-04  8.75296490e-01  1.60000350e-04  8.29366351e-01  1.60000350e-04  7.38647645e-01  1.60000350e-04  1.26000000e+00  1.60000350e-04  4.41566130e-01  1.60000350e-04  5.00000000e-01                                 
 1.60000500e-04  8.75296840e-01  1.60000500e-04  8.29366595e-01  1.60000500e-04  7.32672396e-01  1.60000500e-04  1.80000000e+00  1.60000500e-04 -2.26683312e-02  1.60000500e-04  5.00000000e-01                                 
 1.60000520e-04  8.75296804e-01  1.60000520e-04  8.29366596e-01  1.60000520e-04  7.30575997e-01  1.60000520e-04  1.80000000e+00  1.60000520e-04 -2.02444998e-03  1.60000520e-04  5.00000000e-01                                 
 1.60000560e-04  8.75296728e-01  1.60000560e-04  8.29366584e-01  1.60000560e-04  7.21749873e-01  1.60000560e-04  1.80000000e+00  1.60000560e-04  2.29742980e-03  1.60000560e-04  5.00000000e-01                                 
 1.60000641e-04  8.75296589e-01  1.60000641e-04  8.29366493e-01  1.60000641e-04  6.95955077e-01  1.60000641e-04  1.80000000e+00  1.60000641e-04 -1.45341694e-03  1.60000641e-04  5.00000000e-01                                 
 1.60000722e-04  8.75296468e-01  1.60000722e-04  8.29366386e-01  1.60000722e-04  6.72836403e-01  1.60000722e-04  1.80000000e+00  1.60000722e-04  1.58573756e-03  1.60000722e-04  5.00000000e-01                                 
 1.60000829e-04  8.75296369e-01  1.60000829e-04  8.29366288e-01  1.60000829e-04  6.50486278e-01  1.60000829e-04  1.80000000e+00  1.60000829e-04 -1.28946603e-03  1.60000829e-04  5.00000000e-01                                 
 1.60000963e-04  8.75296348e-01  1.60000963e-04  8.29366250e-01  1.60000963e-04  6.33453771e-01  1.60000963e-04  1.80000000e+00  1.60000963e-04  1.25704131e-03  1.60000963e-04  5.00000000e-01                                 
 1.60001143e-04  8.75296458e-01  1.60001143e-04  8.29366325e-01  1.60001143e-04  6.20072370e-01  1.60001143e-04  1.80000000e+00  1.60001143e-04 -1.17613202e-03  1.60001143e-04  5.00000000e-01                                 
 1.60001355e-04  8.75296715e-01  1.60001355e-04  8.29366534e-01  1.60001355e-04  6.11324712e-01  1.60001355e-04  1.80000000e+00  1.60001355e-04  1.11341306e-03  1.60001355e-04  5.00000000e-01                                 
 1.60001647e-04  8.75297137e-01  1.60001647e-04  8.29366901e-01  1.60001647e-04  6.03665959e-01  1.60001647e-04  1.80000000e+00  1.60001647e-04 -1.08555972e-03  1.60001647e-04  5.00000000e-01                                 
 1.60002060e-04  8.75297611e-01  1.60002060e-04  8.29367337e-01  1.60002060e-04  5.97204593e-01  1.60002060e-04  1.80000000e+00  1.60002060e-04  1.05189441e-03  1.60002060e-04  5.00000000e-01                                 
 1.60002796e-04  8.75297565e-01  1.60002796e-04  8.29367361e-01  1.60002796e-04  5.90994046e-01  1.60002796e-04  1.80000000e+00  1.60002796e-04 -1.04038517e-03  1.60002796e-04  5.00000000e-01                                 
 1.60004269e-04  8.75293777e-01  1.60004269e-04  8.29364095e-01  1.60004269e-04  5.86481976e-01  1.60004269e-04  1.80000000e+00  1.60004269e-04  1.03306177e-03  1.60004269e-04  5.00000000e-01                                 
 1.60007215e-04  8.75278725e-01  1.60007215e-04  8.29350571e-01  1.60007215e-04  5.84343099e-01  1.60007215e-04  1.80000000e+00  1.60007215e-04 -1.02846709e-03  1.60007215e-04  5.00000000e-01                                 
 1.60013106e-04  8.75257320e-01  1.60013106e-04  8.29330845e-01  1.60013106e-04  5.85013063e-01  1.60013106e-04  1.80000000e+00  1.60013106e-04  1.02766508e-03  1.60013106e-04  5.00000000e-01                                 
 1.60022383e-04  8.75263946e-01  1.60022383e-04  8.29336595e-01  1.60022383e-04  5.82568359e-01  1.60022383e-04  1.80000000e+00  1.60022383e-04 -1.02610117e-03  1.60022383e-04  5.00000000e-01                                 
 1.60040936e-04  8.75291723e-01  1.60040936e-04  8.29362018e-01  1.60040936e-04  5.65976765e-01  1.60040936e-04  1.80000000e+00  1.60040936e-04  1.02572947e-03  1.60040936e-04  5.00000000e-01                                 
 1.60061481e-04  8.75301325e-01  1.60061481e-04  8.29370740e-01  1.60061481e-04  5.59038866e-01  1.60061481e-04  1.80000000e+00  1.60061481e-04 -1.02469818e-03  1.60061481e-04  5.00000000e-01                                 
 1.60087281e-04  8.75304170e-01  1.60087281e-04  8.29373383e-01  1.60087281e-04  5.48441150e-01  1.60087281e-04  1.80000000e+00  1.60087281e-04  1.02466536e-03  1.60087281e-04  5.00000000e-01                                 
 1.60129392e-04  8.75298941e-01  1.60129392e-04  8.29368602e-01  1.60129392e-04  5.37798933e-01  1.60129392e-04  1.80000000e+00  1.60129392e-04 -1.02399712e-03  1.60129392e-04  5.00000000e-01                                 
 1.60187640e-04  8.75300150e-01  1.60187640e-04  8.29369708e-01  1.60187640e-04  5.29043145e-01  1.60187640e-04  1.80000000e+00  1.60187640e-04  1.02421380e-03  1.60187640e-04  5.00000000e-01                                 
 1.60276980e-04  8.75296526e-01  1.60276980e-04  8.29366411e-01  1.60276980e-04  5.19783963e-01  1.60276980e-04  1.80000000e+00  1.60276980e-04 -1.02370395e-03  1.60276980e-04  5.00000000e-01                                 
 1.60412223e-04  8.75297528e-01  1.60412223e-04  8.29367316e-01  1.60412223e-04  5.14633401e-01  1.60412223e-04  1.80000000e+00  1.60412223e-04  1.02401979e-03  1.60412223e-04  5.00000000e-01                                 
 1.60620228e-04  8.75295688e-01  1.60620228e-04  8.29365651e-01  1.60620228e-04  5.08766284e-01  1.60620228e-04  1.80000000e+00  1.60620228e-04 -1.02358099e-03  1.60620228e-04  5.00000000e-01                                 
 1.60920994e-04  8.75297128e-01  1.60920994e-04  8.29366951e-01  1.60920994e-04  5.07579587e-01  1.60920994e-04  1.80000000e+00  1.60920994e-04  1.02393739e-03  1.60920994e-04  5.00000000e-01                                 
 1.61419433e-04  8.75295758e-01  1.61419433e-04  8.29365715e-01  1.61419433e-04  5.04967392e-01  1.61419433e-04  1.80000000e+00  1.61419433e-04 -1.02352729e-03  1.61419433e-04  5.00000000e-01                                 
 1.62020792e-04  8.75297079e-01  1.62020792e-04  8.29366906e-01  1.62020792e-04  5.05161674e-01  1.62020792e-04  1.80000000e+00  1.62020792e-04  1.02390044e-03  1.62020792e-04  5.00000000e-01                                 
 1.63020792e-04  8.75295830e-01  1.63020792e-04  8.29365781e-01  1.63020792e-04  5.03683187e-01  1.63020792e-04  1.80000000e+00  1.63020792e-04 -1.02350061e-03  1.63020792e-04  5.00000000e-01                                 
 1.64020792e-04  8.75297050e-01  1.64020792e-04  8.29366879e-01  1.64020792e-04  5.04173520e-01  1.64020792e-04  1.80000000e+00  1.64020792e-04  1.02388044e-03  1.64020792e-04  5.00000000e-01                                 
 1.65020792e-04  8.75295835e-01  1.65020792e-04  8.29365786e-01  1.65020792e-04  5.03085579e-01  1.65020792e-04  1.80000000e+00  1.65020792e-04 -1.02348080e-03  1.65020792e-04  5.00000000e-01                                 
 1.66020792e-04  8.75297015e-01  1.66020792e-04  8.29366847e-01  1.66020792e-04  5.03737514e-01  1.66020792e-04  1.80000000e+00  1.66020792e-04  1.02386038e-03  1.66020792e-04  5.00000000e-01                                 
 1.67020792e-04  8.75295863e-01  1.67020792e-04  8.29365812e-01  1.67020792e-04  5.02754665e-01  1.67020792e-04  1.80000000e+00  1.67020792e-04 -1.02346075e-03  1.67020792e-04  5.00000000e-01                                 
 1.68020792e-04  8.75296985e-01  1.68020792e-04  8.29366819e-01  1.68020792e-04  5.03463476e-01  1.68020792e-04  1.80000000e+00  1.68020792e-04  1.02384032e-03  1.68020792e-04  5.00000000e-01                                 
 1.69020792e-04  8.75295902e-01  1.69020792e-04  8.29365848e-01  1.69020792e-04  5.02530414e-01  1.69020792e-04  1.80000000e+00  1.69020792e-04 -1.02344069e-03  1.69020792e-04  5.00000000e-01                                 
 1.70000500e-04  8.75296957e-01  1.70000500e-04  8.29366794e-01  1.70000500e-04  5.03267237e-01  1.70000500e-04  1.80000000e+00  1.70000500e-04  1.02382004e-03  1.70000500e-04  5.00000000e-01                                 
 1.70000550e-04  8.75296942e-01  1.70000550e-04  8.29366786e-01  1.70000550e-04  4.95315580e-01  1.70000550e-04  1.62000000e+00  1.70000550e-04 -5.38559776e-06  1.70000550e-04  5.00000000e-01                                 
 1.70000650e-04  8.75296944e-01  1.70000650e-04  8.29366785e-01  1.70000650e-04  4.82017900e-01  1.70000650e-04  1.26000000e+00  1.70000650e-04 -8.55407011e-05  1.70000650e-04  5.00000000e-01                                 
 1.70000850e-04  8.75297002e-01  1.70000850e-04  8.29366827e-01  1.70000850e-04  4.81977350e-01  1.70000850e-04  5.40000000e-01  1.70000850e-04  1.55401580e-04  1.70000850e-04  5.00000000e-01                                 
 1.70001000e-04  8.75296926e-01  1.70001000e-04  8.29366790e-01  1.70001000e-04  4.48847339e-01  1.70001000e-04  0.00000000e+00  1.70001000e-04  1.54001245e+00  1.70001000e-04  5.00000000e-01                                 
 1.70001012e-04  8.75296865e-01  1.70001012e-04  8.29366758e-01  1.70001012e-04  4.34163929e-01  1.70001012e-04  0.00000000e+00  1.70001012e-04  1.65966728e+00  1.70001012e-04  5.00000000e-01                                 
 1.70001036e-04  8.75296726e-01  1.70001036e-04  8.29366682e-01  1.70001036e-04  3.93892068e-01  1.70001036e-04  0.00000000e+00  1.70001036e-04  1.78819850e+00  1.70001036e-04  5.00000000e-01                                 
 1.70001084e-04  8.75296610e-01  1.70001084e-04  8.29366571e-01  1.70001084e-04  3.03483483e-01  1.70001084e-04  0.00000000e+00  1.70001084e-04  1.80136174e+00  1.70001084e-04  5.00000000e-01                                 
 1.70001151e-04  8.75296754e-01  1.70001151e-04  8.29366590e-01  1.70001151e-04  2.31709560e-01  1.70001151e-04  0.00000000e+00  1.70001151e-04  1.79501810e+00  1.70001151e-04  5.00000000e-01                                 
 1.70001231e-04  8.75296996e-01  1.70001231e-04  8.29366759e-01  1.70001231e-04  2.07729617e-01  1.70001231e-04  0.00000000e+00  1.70001231e-04  1.80129686e+00  1.70001231e-04  5.00000000e-01                                 
 1.70001364e-04  8.75297354e-01  1.70001364e-04  8.29367075e-01  1.70001364e-04  2.05954653e-01  1.70001364e-04  0.00000000e+00  1.70001364e-04  1.79803234e+00  1.70001364e-04  5.00000000e-01                                 
 1.70001506e-04  8.75297529e-01  1.70001506e-04  8.29367270e-01  1.70001506e-04  2.08768266e-01  1.70001506e-04  0.00000000e+00  1.70001506e-04  1.80143997e+00  1.70001506e-04  5.00000000e-01                                 
 1.70001773e-04  8.75297414e-01  1.70001773e-04  8.29367227e-01  1.70001773e-04  2.09368784e-01  1.70001773e-04  0.00000000e+00  1.70001773e-04  1.79862997e+00  1.70001773e-04  5.00000000e-01                                 
 1.70002054e-04  8.75296926e-01  1.70002054e-04  8.29366832e-01  1.70002054e-04  2.09649989e-01  1.70002054e-04  0.00000000e+00  1.70002054e-04  1.80128118e+00  1.70002054e-04  5.00000000e-01                                 
 1.70002616e-04  8.75296027e-01  1.70002616e-04  8.29366025e-01  1.70002616e-04  2.09686875e-01  1.70002616e-04  0.00000000e+00  1.70002616e-04  1.79877164e+00  1.70002616e-04  5.00000000e-01                                 
 1.70003640e-04  8.75296800e-01  1.70003640e-04  8.29366589e-01  1.70003640e-04  2.09915015e-01  1.70003640e-04  0.00000000e+00  1.70003640e-04  1.80120771e+00  1.70003640e-04  5.00000000e-01                                 
 1.70005686e-04  8.75306776e-01  1.70005686e-04  8.29375365e-01  1.70005686e-04  2.09960964e-01  1.70005686e-04  0.00000000e+00  1.70005686e-04  1.79880826e+00  1.70005686e-04  5.00000000e-01                                 
 1.70009779e-04  8.75330747e-01  1.70009779e-04  8.29397214e-01  1.70009779e-04  2.10237940e-01  1.70009779e-04  0.00000000e+00  1.70009779e-04  1.80118930e+00  1.70009779e-04  5.00000000e-01                                 
 1.70017966e-04  8.75339178e-01  1.70017966e-04  8.29405362e-01  1.70017966e-04  2.10280251e-01  1.70017966e-04  0.00000000e+00  1.70017966e-04  1.79881733e+00  1.70017966e-04  5.00000000e-01                                 
 1.70034338e-04  8.75308258e-01  1.70034338e-04  8.29377166e-01  1.70034338e-04  2.11273485e-01  1.70034338e-04  0.00000000e+00  1.70034338e-04  1.80118476e+00  1.70034338e-04  5.00000000e-01                                 
 1.70057155e-04  8.75288596e-01  1.70057155e-04  8.29359217e-01  1.70057155e-04  2.12729868e-01  1.70057155e-04  0.00000000e+00  1.70057155e-04  1.79881991e+00  1.70057155e-04  5.00000000e-01                                 
 1.70085289e-04  8.75286613e-01  1.70085289e-04  8.29357374e-01  1.70085289e-04  2.17129588e-01  1.70085289e-04  0.00000000e+00  1.70085289e-04  1.80118279e+00  1.70085289e-04  5.00000000e-01                                 
 1.70124141e-04  8.75295870e-01  1.70124141e-04  8.29365797e-01  1.70124141e-04  2.58102913e-01  1.70124141e-04  0.00000000e+00  1.70124141e-04  1.79882144e+00  1.70124141e-04  5.00000000e-01                                 
 1.70173718e-04  8.75292455e-01  1.70173718e-04  8.29362727e-01  1.70173718e-04  3.09057480e-01  1.70173718e-04  0.00000000e+00  1.70173718e-04  1.80118163e+00  1.70173718e-04  5.00000000e-01                                 
 1.70228272e-04  8.75295974e-01  1.70228272e-04  8.29365877e-01  1.70228272e-04  3.25851854e-01  1.70228272e-04  0.00000000e+00  1.70228272e-04  1.79882241e+00  1.70228272e-04  5.00000000e-01                                 
 1.70304713e-04  8.75294958e-01  1.70304713e-04  8.29365011e-01  1.70304713e-04  3.67256747e-01  1.70304713e-04  0.00000000e+00  1.70304713e-04  1.80118085e+00  1.70304713e-04  5.00000000e-01                                 
 1.70377185e-04  8.75296287e-01  1.70377185e-04  8.29366160e-01  1.70377185e-04  4.08583228e-01  1.70377185e-04  0.00000000e+00  1.70377185e-04  1.79882307e+00  1.70377185e-04  5.00000000e-01                                 
 1.70522129e-04  8.75296159e-01  1.70522129e-04  8.29366105e-01  1.70522129e-04  4.83599178e-01  1.70522129e-04  0.00000000e+00  1.70522129e-04  1.80118034e+00  1.70522129e-04  5.00000000e-01                                 
 1.70801144e-04  8.75296507e-01  1.70801144e-04  8.29366360e-01  1.70801144e-04  6.12261683e-01  1.70801144e-04  0.00000000e+00  1.70801144e-04  1.79882333e+00  1.70801144e-04  5.00000000e-01                                 
 1.71247200e-04  8.75296389e-01  1.71247200e-04  8.29366314e-01  1.71247200e-04  7.25873906e-01  1.71247200e-04  0.00000000e+00  1.71247200e-04  1.80118019e+00  1.71247200e-04  5.00000000e-01                                 
 1.72139312e-04  8.75296456e-01  1.72139312e-04  8.29366315e-01  1.72139312e-04  7.84047591e-01  1.72139312e-04  0.00000000e+00  1.72139312e-04  1.79882341e+00  1.72139312e-04  5.00000000e-01                                 
 1.73052899e-04  8.75296416e-01  1.73052899e-04  8.29366338e-01  1.73052899e-04  7.86151551e-01  1.73052899e-04  0.00000000e+00  1.73052899e-04  1.80118013e+00  1.73052899e-04  5.00000000e-01                                 
 1.74052899e-04  8.75296442e-01  1.74052899e-04  8.29366302e-01  1.74052899e-04  7.88457243e-01  1.74052899e-04  0.00000000e+00  1.74052899e-04  1.79882346e+00  1.74052899e-04  5.00000000e-01                                 
 1.75052899e-04  8.75296444e-01  1.75052899e-04  8.29366364e-01  1.75052899e-04  7.90656962e-01  1.75052899e-04  0.00000000e+00  1.75052899e-04  1.80118008e+00  1.75052899e-04  5.00000000e-01                                 
 1.76052899e-04  8.75296414e-01  1.76052899e-04  8.29366277e-01  1.76052899e-04  7.92617777e-01  1.76052899e-04  0.00000000e+00  1.76052899e-04  1.79882351e+00  1.76052899e-04  5.00000000e-01                                 
 1.77052899e-04  8.75296477e-01  1.77052899e-04  8.29366394e-01  1.77052899e-04  7.94348208e-01  1.77052899e-04  0.00000000e+00  1.77052899e-04  1.80118003e+00  1.77052899e-04  5.00000000e-01                                 
 1.78052899e-04  8.75296378e-01  1.78052899e-04  8.29366243e-01  1.78052899e-04  7.95898121e-01  1.78052899e-04  0.00000000e+00  1.78052899e-04  1.79882356e+00  1.78052899e-04  5.00000000e-01                                 
 1.79052899e-04  8.75296516e-01  1.79052899e-04  8.29366430e-01  1.79052899e-04  7.97291331e-01  1.79052899e-04  0.00000000e+00  1.79052899e-04  1.80117998e+00  1.79052899e-04  5.00000000e-01                                 
 1.80000000e-04  8.75296340e-01  1.80000000e-04  8.29366209e-01  1.80000000e-04  7.98490953e-01  1.80000000e-04  0.00000000e+00  1.80000000e-04  1.79882361e+00  1.80000000e-04  5.00000000e-01                                 
 1.80000050e-04  8.75296365e-01  1.80000050e-04  8.29366232e-01  1.80000050e-04  8.00996294e-01  1.80000050e-04  1.80000000e-01  1.80000050e-04  1.79994433e+00  1.80000050e-04  5.00000000e-01                                 
 1.80000150e-04  8.75296405e-01  1.80000150e-04  8.29366271e-01  1.80000150e-04  8.03539110e-01  1.80000150e-04  5.40000000e-01  1.80000150e-04  1.80010214e+00  1.80000150e-04  5.00000000e-01                                 
 1.80000350e-04  8.75296474e-01  1.80000350e-04  8.29366337e-01  1.80000350e-04  7.38648026e-01  1.80000350e-04  1.26000000e+00  1.80000350e-04  4.41566036e-01  1.80000350e-04  5.00000000e-01                                 
 1.80000500e-04  8.75296825e-01  1.80000500e-04  8.29366580e-01  1.80000500e-04  7.32672771e-01  1.80000500e-04  1.80000000e+00  1.80000500e-04 -2.26683360e-02  1.80000500e-04  5.00000000e-01                                 
 1.80000520e-04  8.75296789e-01  1.80000520e-04  8.29366582e-01  1.80000520e-04  7.30576370e-01  1.80000520e-04  1.80000000e+00  1.80000520e-04 -2.02445055e-03  1.80000520e-04  5.00000000e-01                                 
 1.80000560e-04  8.75296713e-01  1.80000560e-04  8.29366569e-01  1.80000560e-04  7.21750238e-01  1.80000560e-04  1.80000000e+00  1.80000560e-04  2.29743022e-03  1.80000560e-04  5.00000000e-01                                 
 1.80000641e-04  8.75296573e-01  1.80000641e-04  8.29366479e-01  1.80000641e-04  6.95955416e-01  1.80000641e-04  1.80000000e+00  1.80000641e-04 -1.45341723e-03  1.80000641e-04  5.00000000e-01                                 
 1.80000722e-04  8.75296452e-01  1.80000722e-04  8.29366372e-01  1.80000722e-04  6.72836706e-01  1.80000722e-04  1.80000000e+00  1.80000722e-04  1.58573794e-03  1.80000722e-04  5.00000000e-01                                 
 1.80000829e-04  8.75296353e-01  1.80000829e-04  8.29366274e-01  1.80000829e-04  6.50486536e-01  1.80000829e-04  1.80000000e+00  1.80000829e-04 -1.28946625e-03  1.80000829e-04  5.00000000e-01                                 
 1.80000963e-04  8.75296333e-01  1.80000963e-04  8.29366235e-01  1.80000963e-04  6.33453984e-01  1.80000963e-04  1.80000000e+00  1.80000963e-04  1.25704159e-03  1.80000963e-04  5.00000000e-01                                 
 1.80001143e-04  8.75296443e-01  1.80001143e-04  8.29366311e-01  1.80001143e-04  6.20072537e-01  1.80001143e-04  1.80000000e+00  1.80001143e-04 -1.17613230e-03  1.80001143e-04  5.00000000e-01                                 
 1.80001355e-04  8.75296700e-01  1.80001355e-04  8.29366520e-01  1.80001355e-04  6.11324848e-01  1.80001355e-04  1.80000000e+00  1.80001355e-04  1.11341327e-03  1.80001355e-04  5.00000000e-01                                 
 1.80001647e-04  8.75297121e-01  1.80001647e-04  8.29366887e-01  1.80001647e-04  6.03666067e-01  1.80001647e-04  1.80000000e+00  1.80001647e-04 -1.08555996e-03  1.80001647e-04  5.00000000e-01                                 
 1.80002060e-04  8.75297595e-01  1.80002060e-04  8.29367323e-01  1.80002060e-04  5.97204677e-01  1.80002060e-04  1.80000000e+00  1.80002060e-04  1.05189458e-03  1.80002060e-04  5.00000000e-01                                 
 1.80002796e-04  8.75297549e-01  1.80002796e-04  8.29367346e-01  1.80002796e-04  5.90994107e-01  1.80002796e-04  1.80000000e+00  1.80002796e-04 -1.04038534e-03  1.80002796e-04  5.00000000e-01                                 
 1.80004269e-04  8.75293761e-01  1.80004269e-04  8.29364081e-01  1.80004269e-04  5.86482023e-01  1.80004269e-04  1.80000000e+00  1.80004269e-04  1.03306192e-03  1.80004269e-04  5.00000000e-01                                 
 1.80007215e-04  8.75278709e-01  1.80007215e-04  8.29350557e-01  1.80007215e-04  5.84343143e-01  1.80007215e-04  1.80000000e+00  1.80007215e-04 -1.02846724e-03  1.80007215e-04  5.00000000e-01                                 
 1.80013106e-04  8.75257305e-01  1.80013106e-04  8.29330831e-01  1.80013106e-04  5.85013109e-01  1.80013106e-04  1.80000000e+00  1.80013106e-04  1.02766523e-03  1.80013106e-04  5.00000000e-01                                 
 1.80022383e-04  8.75263932e-01  1.80022383e-04  8.29336582e-01  1.80022383e-04  5.82568388e-01  1.80022383e-04  1.80000000e+00  1.80022383e-04 -1.02610132e-03  1.80022383e-04  5.00000000e-01                                 
 1.80040936e-04  8.75291709e-01  1.80040936e-04  8.29362005e-01  1.80040936e-04  5.65976802e-01  1.80040936e-04  1.80000000e+00  1.80040936e-04  1.02572961e-03  1.80040936e-04  5.00000000e-01                                 
 1.80061480e-04  8.75301314e-01  1.80061480e-04  8.29370729e-01  1.80061480e-04  5.59038903e-01  1.80061480e-04  1.80000000e+00  1.80061480e-04 -1.02469832e-03  1.80061480e-04  5.00000000e-01                                 
 1.80087281e-04  8.75304160e-01  1.80087281e-04  8.29373374e-01  1.80087281e-04  5.48441184e-01  1.80087281e-04  1.80000000e+00  1.80087281e-04  1.02466551e-03  1.80087281e-04  5.00000000e-01                                 
 1.80129392e-04  8.75298933e-01  1.80129392e-04  8.29368594e-01  1.80129392e-04  5.37798959e-01  1.80129392e-04  1.80000000e+00  1.80129392e-04 -1.02399727e-03  1.80129392e-04  5.00000000e-01                                 
 1.80187640e-04  8.75300147e-01  1.80187640e-04  8.29369705e-01  1.80187640e-04  5.29043158e-01  1.80187640e-04  1.80000000e+00  1.80187640e-04  1.02421394e-03  1.80187640e-04  5.00000000e-01                                 
 1.80276980e-04  8.75296526e-01  1.80276980e-04  8.29366411e-01  1.80276980e-04  5.19783974e-01  1.80276980e-04  1.80000000e+00  1.80276980e-04 -1.02370409e-03  1.80276980e-04  5.00000000e-01                                 
 1.80412223e-04  8.75297533e-01  1.80412223e-04  8.29367321e-01  1.80412223e-04  5.14633399e-01  1.80412223e-04  1.80000000e+00  1.80412223e-04  1.02401994e-03  1.80412223e-04  5.00000000e-01                                 
 1.80620229e-04  8.75295699e-01  1.80620229e-04  8.29365660e-01  1.80620229e-04  5.08766285e-01  1.80620229e-04  1.80000000e+00  1.80620229e-04 -1.02358114e-03  1.80620229e-04  5.00000000e-01                                 
 1.80920995e-04  8.75297131e-01  1.80920995e-04  8.29366954e-01  1.80920995e-04  5.07579573e-01  1.80920995e-04  1.80000000e+00  1.80920995e-04  1.02393753e-03  1.80920995e-04  5.00000000e-01                                 
 1.81419435e-04  8.75295775e-01  1.81419435e-04  8.29365731e-01  1.81419435e-04  5.04967401e-01  1.81419435e-04  1.80000000e+00  1.81419435e-04 -1.02352743e-03  1.81419435e-04  5.00000000e-01                                 
 1.82020795e-04  8.75297078e-01  1.82020795e-04  8.29366905e-01  1.82020795e-04  5.05161653e-01  1.82020795e-04  1.80000000e+00  1.82020795e-04  1.02390059e-03  1.82020795e-04  5.00000000e-01                                 
 1.83020795e-04  8.75295815e-01  1.83020795e-04  8.29365768e-01  1.83020795e-04  5.03683174e-01  1.83020795e-04  1.80000000e+00  1.83020795e-04 -1.02350076e-03  1.83020795e-04  5.00000000e-01                                 
 1.84020795e-04  8.75297053e-01  1.84020795e-04  8.29366882e-01  1.84020795e-04  5.04173539e-01  1.84020795e-04  1.80000000e+00  1.84020795e-04  1.02388058e-03  1.84020795e-04  5.00000000e-01                                 
 1.85020795e-04  8.75295837e-01  1.85020795e-04  8.29365788e-01  1.85020795e-04  5.03085616e-01  1.85020795e-04  1.80000000e+00  1.85020795e-04 -1.02348094e-03  1.85020795e-04  5.00000000e-01                                 
 1.86020795e-04  8.75297020e-01  1.86020795e-04  8.29366852e-01  1.86020795e-04  5.03737547e-01  1.86020795e-04  1.80000000e+00  1.86020795e-04  1.02386053e-03  1.86020795e-04  5.00000000e-01                                 
 1.87020795e-04  8.75295856e-01  1.87020795e-04  8.29365805e-01  1.87020795e-04  5.02754686e-01  1.87020795e-04  1.80000000e+00  1.87020795e-04 -1.02346089e-03  1.87020795e-04  5.00000000e-01                                 
 1.88020795e-04  8.75296987e-01  1.88020795e-04  8.29366821e-01  1.88020795e-04  5.03463492e-01  1.88020795e-04  1.80000000e+00  1.88020795e-04  1.02384046e-03  1.88020795e-04  5.00000000e-01                                 
 1.89020795e-04  8.75295905e-01  1.89020795e-04  8.29365850e-01  1.89020795e-04  5.02530432e-01  1.89020795e-04  1.80000000e+00  1.89020795e-04 -1.02344084e-03  1.89020795e-04  5.00000000e-01                                 
 1.90000500e-04  8.75296962e-01  1.90000500e-04  8.29366798e-01  1.90000500e-04  5.03267242e-01  1.90000500e-04  1.80000000e+00  1.90000500e-04  1.02382019e-03  1.90000500e-04  5.00000000e-01                                 
 1.90000550e-04  8.75296948e-01  1.90000550e-04  8.29366791e-01  1.90000550e-04  4.95315585e-01  1.90000550e-04  1.62000000e+00  1.90000550e-04 -5.38558987e-06  1.90000550e-04  5.00000000e-01                                 
 1.90000650e-04  8.75296949e-01  1.90000650e-04  8.29366790e-01  1.90000650e-04  4.82017904e-01  1.90000650e-04  1.26000000e+00  1.90000650e-04 -8.55407083e-05  1.90000650e-04  5.00000000e-01                                 
 1.90000850e-04  8.75297007e-01  1.90000850e-04  8.29366831e-01  1.90000850e-04  4.81977355e-01  1.90000850e-04  5.40000000e-01  1.90000850e-04  1.55401587e-04  1.90000850e-04  5.00000000e-01                                 
 1.90001000e-04  8.75296931e-01  1.90001000e-04  8.29366794e-01  1.90001000e-04  4.48847343e-01  1.90001000e-04  0.00000000e+00  1.90001000e-04  1.54001245e+00  1.90001000e-04  5.00000000e-01                                 
 1.90001012e-04  8.75296870e-01  1.90001012e-04  8.29366763e-01  1.90001012e-04  4.34163933e-01  1.90001012e-04  0.00000000e+00  1.90001012e-04  1.65966728e+00  1.90001012e-04  5.00000000e-01                                 
 1.90001036e-04  8.75296731e-01  1.90001036e-04  8.29366686e-01  1.90001036e-04  3.93892070e-01  1.90001036e-04  0.00000000e+00  1.90001036e-04  1.78819850e+00  1.90001036e-04  5.00000000e-01                                 
 1.90001084e-04  8.75296615e-01  1.90001084e-04  8.29366575e-01  1.90001084e-04  3.03483483e-01  1.90001084e-04  0.00000000e+00  1.90001084e-04  1.80136174e+00  1.90001084e-04  5.00000000e-01                                 
 1.90001151e-04  8.75296759e-01  1.90001151e-04  8.29366594e-01  1.90001151e-04  2.31709560e-01  1.90001151e-04  0.00000000e+00  1.90001151e-04  1.79501810e+00  1.90001151e-04  5.00000000e-01                                 
 1.90001231e-04  8.75297001e-01  1.90001231e-04  8.29366764e-01  1.90001231e-04  2.07729618e-01  1.90001231e-04  0.00000000e+00  1.90001231e-04  1.80129686e+00  1.90001231e-04  5.00000000e-01                                 
 1.90001364e-04  8.75297359e-01  1.90001364e-04  8.29367079e-01  1.90001364e-04  2.05954656e-01  1.90001364e-04  0.00000000e+00  1.90001364e-04  1.79803234e+00  1.90001364e-04  5.00000000e-01                                 
 1.90001506e-04  8.75297534e-01  1.90001506e-04  8.29367274e-01  1.90001506e-04  2.08768269e-01  1.90001506e-04  0.00000000e+00  1.90001506e-04  1.80143997e+00  1.90001506e-04  5.00000000e-01                                 
 1.90001773e-04  8.75297419e-01  1.90001773e-04  8.29367231e-01  1.90001773e-04  2.09368787e-01  1.90001773e-04  0.00000000e+00  1.90001773e-04  1.79862997e+00  1.90001773e-04  5.00000000e-01                                 
 1.90002054e-04  8.75296931e-01  1.90002054e-04  8.29366836e-01  1.90002054e-04  2.09649992e-01  1.90002054e-04  0.00000000e+00  1.90002054e-04  1.80128118e+00  1.90002054e-04  5.00000000e-01                                 
 1.90002616e-04  8.75296032e-01  1.90002616e-04  8.29366030e-01  1.90002616e-04  2.09686878e-01  1.90002616e-04  0.00000000e+00  1.90002616e-04  1.79877164e+00  1.90002616e-04  5.00000000e-01                                 
 1.90003640e-04  8.75296805e-01  1.90003640e-04  8.29366594e-01  1.90003640e-04  2.09915018e-01  1.90003640e-04  0.00000000e+00  1.90003640e-04  1.80120771e+00  1.90003640e-04  5.00000000e-01                                 
 1.90005686e-04  8.75306781e-01  1.90005686e-04  8.29375369e-01  1.90005686e-04  2.09960967e-01  1.90005686e-04  0.00000000e+00  1.90005686e-04  1.79880826e+00  1.90005686e-04  5.00000000e-01                                 
 1.90009779e-04  8.75330751e-01  1.90009779e-04  8.29397218e-01  1.90009779e-04  2.10237943e-01  1.90009779e-04  0.00000000e+00  1.90009779e-04  1.80118930e+00  1.90009779e-04  5.00000000e-01                                 
 1.90017966e-04  8.75339182e-01  1.90017966e-04  8.29405366e-01  1.90017966e-04  2.10280254e-01  1.90017966e-04  0.00000000e+00  1.90017966e-04  1.79881733e+00  1.90017966e-04  5.00000000e-01                                 
 1.90034338e-04  8.75308262e-01  1.90034338e-04  8.29377169e-01  1.90034338e-04  2.11273487e-01  1.90034338e-04  0.00000000e+00  1.90034338e-04  1.80118476e+00  1.90034338e-04  5.00000000e-01                                 
 1.90057155e-04  8.75288601e-01  1.90057155e-04  8.29359220e-01  1.90057155e-04  2.12729870e-01  1.90057155e-04  0.00000000e+00  1.90057155e-04  1.79881991e+00  1.90057155e-04  5.00000000e-01                                 
 1.90085289e-04  8.75286617e-01  1.90085289e-04  8.29357378e-01  1.90085289e-04  2.17129645e-01  1.90085289e-04  0.00000000e+00  1.90085289e-04  1.80118279e+00  1.90085289e-04  5.00000000e-01                                 
 1.90124141e-04  8.75295875e-01  1.90124141e-04  8.29365802e-01  1.90124141e-04  2.58103140e-01  1.90124141e-04  0.00000000e+00  1.90124141e-04  1.79882144e+00  1.90124141e-04  5.00000000e-01                                 
 1.90173718e-04  8.75292463e-01  1.90173718e-04  8.29362733e-01  1.90173718e-04  3.09057792e-01  1.90173718e-04  0.00000000e+00  1.90173718e-04  1.80118163e+00  1.90173718e-04  5.00000000e-01                                 
 1.90228272e-04  8.75295980e-01  1.90228272e-04  8.29365883e-01  1.90228272e-04  3.25852040e-01  1.90228272e-04  0.00000000e+00  1.90228272e-04  1.79882241e+00  1.90228272e-04  5.00000000e-01                                 
 1.90304713e-04  8.75294962e-01  1.90304713e-04  8.29365015e-01  1.90304713e-04  3.67256702e-01  1.90304713e-04  0.00000000e+00  1.90304713e-04  1.80118085e+00  1.90304713e-04  5.00000000e-01                                 
 1.90377184e-04  8.75296289e-01  1.90377184e-04  8.29366162e-01  1.90377184e-04  4.08583034e-01  1.90377184e-04  0.00000000e+00  1.90377184e-04  1.79882307e+00  1.90377184e-04  5.00000000e-01                                 
 1.90522128e-04  8.75296165e-01  1.90522128e-04  8.29366110e-01  1.90522128e-04  4.83598681e-01  1.90522128e-04  0.00000000e+00  1.90522128e-04  1.80118034e+00  1.90522128e-04  5.00000000e-01                                 
 1.90801141e-04  8.75296499e-01  1.90801141e-04  8.29366354e-01  1.90801141e-04  6.12260721e-01  1.90801141e-04  0.00000000e+00  1.90801141e-04  1.79882333e+00  1.90801141e-04  5.00000000e-01                                 
 1.91247195e-04  8.75296387e-01  1.91247195e-04  8.29366312e-01  1.91247195e-04  7.25873329e-01  1.91247195e-04  0.00000000e+00  1.91247195e-04  1.80118019e+00  1.91247195e-04  5.00000000e-01                                 
 1.92139303e-04  8.75296464e-01  1.92139303e-04  8.29366322e-01  1.92139303e-04  7.84047185e-01  1.92139303e-04  0.00000000e+00  1.92139303e-04  1.79882341e+00  1.92139303e-04  5.00000000e-01                                 
 1.93052887e-04  8.75296405e-01  1.93052887e-04  8.29366328e-01  1.93052887e-04  7.86151207e-01  1.93052887e-04  0.00000000e+00  1.93052887e-04  1.80118013e+00  1.93052887e-04  5.00000000e-01                                 
 1.94052887e-04  8.75296444e-01  1.94052887e-04  8.29366304e-01  1.94052887e-04  7.88457008e-01  1.94052887e-04  0.00000000e+00  1.94052887e-04  1.79882346e+00  1.94052887e-04  5.00000000e-01                                 
 1.95052887e-04  8.75296443e-01  1.95052887e-04  8.29366364e-01  1.95052887e-04  7.90656642e-01  1.95052887e-04  0.00000000e+00  1.95052887e-04  1.80118008e+00  1.95052887e-04  5.00000000e-01                                 
 1.96052887e-04  8.75296409e-01  1.96052887e-04  8.29366272e-01  1.96052887e-04  7.92617325e-01  1.96052887e-04  0.00000000e+00  1.96052887e-04  1.79882351e+00  1.96052887e-04  5.00000000e-01                                 
 1.97052887e-04  8.75296479e-01  1.97052887e-04  8.29366395e-01  1.97052887e-04  7.94347720e-01  1.97052887e-04  0.00000000e+00  1.97052887e-04  1.80118003e+00  1.97052887e-04  5.00000000e-01                                 
 1.98052887e-04  8.75296380e-01  1.98052887e-04  8.29366246e-01  1.98052887e-04  7.95897648e-01  1.98052887e-04  0.00000000e+00  1.98052887e-04  1.79882356e+00  1.98052887e-04  5.00000000e-01                                 
 1.99052887e-04  8.75296523e-01  1.99052887e-04  8.29366435e-01  1.99052887e-04  7.97290855e-01  1.99052887e-04  0.00000000e+00  1.99052887e-04  1.80117998e+00  1.99052887e-04  5.00000000e-01                                 
 2.00000000e-04  8.75296369e-01  2.00000000e-04  8.29366236e-01  2.00000000e-04  7.98490475e-01  2.00000000e-04  0.00000000e+00  2.00000000e-04  1.79882361e+00  2.00000000e-04  5.00000000e-01                                 
