 time            v(vbep)         time            v(vben)         time            v(vout)         time            v(vphi1)        time            v(vphi2)        time            v(vref)         time            v(voutc)        time            v(voutcc)       yes             currtemp       
 0.00000000e+00  8.12131332e-01  0.00000000e+00  7.59279798e-01  0.00000000e+00  1.68206581e+00  0.00000000e+00  0.00000000e+00  0.00000000e+00  1.80000000e+00  0.00000000e+00  7.62609939e-01  0.00000000e+00  1.68206580e+00  0.00000000e+00  1.68758910e+00  1.00000000e+00  1.00000000e+00 
 1.00000000e-11  8.12154689e-01  1.00000000e-11  7.59349568e-01  1.00000000e-11  1.68287307e+00  1.00000000e-11  1.80000000e-02  1.00000000e-11  1.80024635e+00  1.00000000e-11  7.63132117e-01  1.00000000e-11  1.68252896e+00  1.00000000e-11  1.68760230e+00                                 
 2.00000000e-11  8.12161135e-01  2.00000000e-11  7.59393472e-01  2.00000000e-11  1.68340036e+00  2.00000000e-11  3.60000000e-02  2.00000000e-11  1.80034745e+00  2.00000000e-11  7.63524045e-01  2.00000000e-11  1.68288723e+00  2.00000000e-11  1.68760786e+00                                 
 4.00000000e-11  8.12160969e-01  4.00000000e-11  7.59450998e-01  4.00000000e-11  1.68407852e+00  4.00000000e-11  7.20000000e-02  4.00000000e-11  1.80039136e+00  4.00000000e-11  7.64100731e-01  4.00000000e-11  1.68343282e+00  4.00000000e-11  1.68761059e+00                                 
 8.00000000e-11  8.12149267e-01  8.00000000e-11  7.59485634e-01  8.00000000e-11  1.68433650e+00  8.00000000e-11  1.44000000e-01  8.00000000e-11  1.80019449e+00  8.00000000e-11  7.64552947e-01  8.00000000e-11  1.68391908e+00  8.00000000e-11  1.68760019e+00                                 
 1.60000000e-10  8.12145934e-01  1.60000000e-10  7.59488635e-01  1.60000000e-10  1.68405797e+00  1.60000000e-10  2.88000000e-01  1.60000000e-10  1.80000809e+00  1.60000000e-10  7.64608514e-01  1.60000000e-10  1.68405097e+00  1.60000000e-10  1.68758880e+00                                 
 3.20000000e-10  8.12143095e-01  3.20000000e-10  7.59489440e-01  3.20000000e-10  1.68373831e+00  3.20000000e-10  5.76000000e-01  3.20000000e-10  1.80001106e+00  3.20000000e-10  7.64542585e-01  3.20000000e-10  1.68392553e+00  3.20000000e-10  1.68758636e+00                                 
 6.40000000e-10  8.12068719e-01  6.40000000e-10  7.59238540e-01  6.40000000e-10  1.67884989e+00  6.40000000e-10  1.15200000e+00  6.40000000e-10  1.81328040e+00  6.40000000e-10  7.63652232e-01  6.40000000e-10  1.68887573e+00  6.40000000e-10  1.68761543e+00                                 
 9.97511780e-10  8.12563853e-01  9.97511780e-10  7.59312808e-01  9.97511780e-10  1.64979700e+00  9.97511780e-10  1.79552120e+00  9.97511780e-10  7.98033559e-02  9.97511780e-10  7.67102087e-01  9.97511780e-10  1.68058131e+00  9.97511780e-10  1.68751786e+00                                 
 1.00000000e-09  8.12572456e-01  1.00000000e-09  7.59322441e-01  1.00000000e-09  1.64960591e+00  1.00000000e-09  1.80000000e+00  1.00000000e-09  6.12844454e-02  1.00000000e-09  7.67280422e-01  1.00000000e-09  1.68047488e+00  1.00000000e-09  1.68752022e+00                                 
 1.00497644e-09  8.12557790e-01  1.00497644e-09  7.59313717e-01  1.00497644e-09  1.64936967e+00  1.00497644e-09  1.80000000e+00  1.00497644e-09  3.99732398e-02  1.00497644e-09  7.67647381e-01  1.00497644e-09  1.68050439e+00  1.00497644e-09  1.68753186e+00                                 
 1.01492932e-09  8.12537245e-01  1.01492932e-09  7.59334236e-01  1.01492932e-09  1.64938833e+00  1.01492932e-09  1.80000000e+00  1.01492932e-09  1.27541364e-02  1.01492932e-09  7.68621756e-01  1.01492932e-09  1.68099397e+00  1.01492932e-09  1.68756620e+00                                 
 1.03483508e-09  8.12538248e-01  1.03483508e-09  7.59421244e-01  1.03483508e-09  1.65020493e+00  1.03483508e-09  1.80000000e+00  1.03483508e-09  9.96996430e-04  1.03483508e-09  7.70552634e-01  1.03483508e-09  1.68255454e+00  1.03483508e-09  1.68761738e+00                                 
 1.07464659e-09  8.12608136e-01  1.07464659e-09  7.59450832e-01  1.07464659e-09  1.65035490e+00  1.07464659e-09  1.80000000e+00  1.07464659e-09  1.11655385e-03  1.07464659e-09  7.71971803e-01  1.07464659e-09  1.68383346e+00  1.07464659e-09  1.68760603e+00                                 
 1.15426963e-09  8.12737930e-01  1.15426963e-09  7.59362709e-01  1.15426963e-09  1.64833119e+00  1.15426963e-09  1.80000000e+00  1.15426963e-09  3.60432299e-04  1.15426963e-09  7.72393975e-01  1.15426963e-09  1.68419017e+00  1.15426963e-09  1.68758414e+00                                 
 1.31351569e-09  8.12890815e-01  1.31351569e-09  7.59305353e-01  1.31351569e-09  1.64434221e+00  1.31351569e-09  1.80000000e+00  1.31351569e-09  4.15042518e-04  1.31351569e-09  7.73041640e-01  1.31351569e-09  1.68473222e+00  1.31351569e-09  1.68760044e+00                                 
 1.57438979e-09  8.12881896e-01  1.57438979e-09  7.59289667e-01  1.57438979e-09  1.64207654e+00  1.57438979e-09  1.80000000e+00  1.57438979e-09 -1.40560240e-04  1.57438979e-09  7.72734159e-01  1.57438979e-09  1.68446395e+00  1.57438979e-09  1.68759162e+00                                 
 1.85783425e-09  8.12700469e-01  1.85783425e-09  7.59276523e-01  1.85783425e-09  1.64346042e+00  1.85783425e-09  1.80000000e+00  1.85783425e-09  9.70019597e-05  1.85783425e-09  7.71982543e-01  1.85783425e-09  1.68382995e+00  1.85783425e-09  1.68760616e+00                                 
 2.14213899e-09  8.12515291e-01  2.14213899e-09  7.59272125e-01  2.14213899e-09  1.64517485e+00  2.14213899e-09  1.80000000e+00  2.14213899e-09 -1.60056851e-04  2.14213899e-09  7.71257127e-01  2.14213899e-09  1.68321183e+00  2.14213899e-09  1.68760801e+00                                 
 2.54114474e-09  8.12307760e-01  2.54114474e-09  7.59261732e-01  2.54114474e-09  1.64748018e+00  2.54114474e-09  1.80000000e+00  2.54114474e-09  6.95000837e-05  2.54114474e-09  7.70277819e-01  2.54114474e-09  1.68238441e+00  2.54114474e-09  1.68762630e+00                                 
 3.33734598e-09  8.12089115e-01  3.33734598e-09  7.59256373e-01  3.33734598e-09  1.65091370e+00  3.33734598e-09  1.80000000e+00  3.33734598e-09 -1.44020826e-04  3.33734598e-09  7.68498631e-01  3.33734598e-09  1.68087210e+00  3.33734598e-09  1.68764369e+00                                 
 4.92974847e-09  8.11999290e-01  4.92974847e-09  7.59256056e-01  4.92974847e-09  1.65478250e+00  4.92974847e-09  1.80000000e+00  4.92974847e-09  6.88590943e-05  4.92974847e-09  7.65777017e-01  4.92974847e-09  1.67856610e+00  4.92974847e-09  1.68765695e+00                                 
 7.19054381e-09  8.12053996e-01  7.19054381e-09  7.59269241e-01  7.19054381e-09  1.65558866e+00  7.19054381e-09  1.80000000e+00  7.19054381e-09 -1.31467797e-04  7.19054381e-09  7.63492419e-01  7.19054381e-09  1.67662519e+00  7.19054381e-09  1.68757195e+00                                 
 9.10945548e-09  8.12069315e-01  9.10945548e-09  7.59273784e-01  9.10945548e-09  1.65448079e+00  9.10945548e-09  1.80000000e+00  9.10945548e-09  7.69716408e-05  9.10945548e-09  7.62546802e-01  9.10945548e-09  1.67582515e+00  9.10945548e-09  1.68743602e+00                                 
 1.13195528e-08  8.12065774e-01  1.13195528e-08  7.59278859e-01  1.13195528e-08  1.65352909e+00  1.13195528e-08  1.80000000e+00  1.13195528e-08 -1.11496011e-04  1.13195528e-08  7.62009957e-01  1.13195528e-08  1.67536401e+00  1.13195528e-08  1.68722328e+00                                 
 1.35731037e-08  8.12065607e-01  1.35731037e-08  7.59278392e-01  1.35731037e-08  1.65268962e+00  1.35731037e-08  1.80000000e+00  1.35731037e-08  9.00651134e-05  1.35731037e-08  7.61801006e-01  1.35731037e-08  1.67518398e+00  1.35731037e-08  1.68699006e+00                                 
 1.69296357e-08  8.12093804e-01  1.69296357e-08  7.59280393e-01  1.69296357e-08  1.64947066e+00  1.69296357e-08  1.80000000e+00  1.69296357e-08 -9.99802018e-05  1.69296357e-08  7.61723005e-01  1.69296357e-08  1.67510325e+00  1.69296357e-08  1.68662563e+00                                 
 2.08626407e-08  8.12116483e-01  2.08626407e-08  7.59279026e-01  2.08626407e-08  1.64322702e+00  2.08626407e-08  1.80000000e+00  2.08626407e-08  9.30921229e-05  2.08626407e-08  7.61789090e-01  2.08626407e-08  1.67514603e+00  2.08626407e-08  1.68622246e+00                                 
 2.69217506e-08  8.12133542e-01  2.69217506e-08  7.59280740e-01  2.69217506e-08  1.63120428e+00  2.69217506e-08  1.80000000e+00  2.69217506e-08 -9.69326099e-05  2.69217506e-08  7.61919855e-01  2.69217506e-08  1.67523027e+00  2.69217506e-08  1.68564733e+00                                 
 3.51832599e-08  8.12134915e-01  3.51832599e-08  7.59279264e-01  3.51832599e-08  1.61339941e+00  3.51832599e-08  1.80000000e+00  3.51832599e-08  9.26992342e-05  3.51832599e-08  7.62094332e-01  3.51832599e-08  1.67535386e+00  3.51832599e-08  1.68497763e+00                                 
 4.87115118e-08  8.12134861e-01  4.87115118e-08  7.59280643e-01  4.87115118e-08  1.58310749e+00  4.87115118e-08  1.80000000e+00  4.87115118e-08 -9.67024962e-05  4.87115118e-08  7.62278496e-01  4.87115118e-08  1.67547533e+00  4.87115118e-08  1.68408900e+00                                 
 7.20066855e-08  8.12131910e-01  7.20066855e-08  7.59279093e-01  7.20066855e-08  1.52965213e+00  7.20066855e-08  1.80000000e+00  7.20066855e-08  9.22216715e-05  7.20066855e-08  7.62469949e-01  7.20066855e-08  1.67560766e+00  7.20066855e-08  1.68303148e+00                                 
 1.18597033e-07  8.12132438e-01  1.18597033e-07  7.59280535e-01  1.18597033e-07  1.42158123e+00  1.18597033e-07  1.80000000e+00  1.18597033e-07 -9.66497350e-05  1.18597033e-07  7.62588066e-01  1.18597033e-07  1.67567651e+00  1.18597033e-07  1.68191600e+00                                 
 2.08343242e-07  8.12130481e-01  2.08343242e-07  7.59279064e-01  2.08343242e-07  1.21541647e+00  2.08343242e-07  1.80000000e+00  2.08343242e-07  9.22232514e-05  2.08343242e-07  7.62617152e-01  2.08343242e-07  1.67568826e+00  2.08343242e-07  1.68128582e+00                                 
 3.15480517e-07  8.12132184e-01  3.15480517e-07  7.59280532e-01  3.15480517e-07  9.75933946e-01  3.15480517e-07  1.80000000e+00  3.15480517e-07 -9.60399962e-05  3.15480517e-07  7.62604674e-01  3.15480517e-07  1.67566903e+00  3.15480517e-07  1.68121249e+00                                 
 4.58224526e-07  8.12130531e-01  4.58224526e-07  7.59279066e-01  4.58224526e-07  7.81561457e-01  4.58224526e-07  1.80000000e+00  4.58224526e-07  9.41264808e-05  4.58224526e-07  7.62613915e-01  4.58224526e-07  1.67567348e+00  4.58224526e-07  1.68121008e+00                                 
 5.51441396e-07  8.12132219e-01  5.51441396e-07  7.59280550e-01  5.51441396e-07  7.62821578e-01  5.51441396e-07  1.80000000e+00  5.51441396e-07 -9.41488146e-05  5.51441396e-07  7.62608061e-01  5.51441396e-07  1.67566197e+00  5.51441396e-07  1.68120408e+00                                 
 6.21078565e-07  8.12130075e-01  6.21078565e-07  7.59279009e-01  6.21078565e-07  7.66464056e-01  6.21078565e-07  1.80000000e+00  6.21078565e-07  9.42760858e-05  6.21078565e-07  7.62612027e-01  6.21078565e-07  1.67566521e+00  6.21078565e-07  1.68120439e+00                                 
 6.88609540e-07  8.12132808e-01  6.88609540e-07  7.59280616e-01  6.88609540e-07  7.65802951e-01  6.88609540e-07  1.80000000e+00  6.88609540e-07 -9.40858558e-05  6.88609540e-07  7.62607510e-01  6.88609540e-07  1.67565586e+00  6.88609540e-07  1.68119763e+00                                 
 7.58729913e-07  8.12129733e-01  7.58729913e-07  7.59278962e-01  7.58729913e-07  7.66128442e-01  7.58729913e-07  1.80000000e+00  7.58729913e-07  9.41719740e-05  7.58729913e-07  7.62612559e-01  7.58729913e-07  1.67566001e+00  7.58729913e-07  1.68119853e+00                                 
 8.56001473e-07  8.12132990e-01  8.56001473e-07  7.59280644e-01  8.56001473e-07  7.65859978e-01  8.56001473e-07  1.80000000e+00  8.56001473e-07 -9.42307069e-05  8.56001473e-07  7.62607217e-01  8.56001473e-07  1.67564875e+00  8.56001473e-07  1.68119082e+00                                 
 9.81207599e-07  8.12129645e-01  9.81207599e-07  7.59278948e-01  9.81207599e-07  7.66091236e-01  9.81207599e-07  1.80000000e+00  9.81207599e-07  9.41128230e-05  9.81207599e-07  7.62612731e-01  9.81207599e-07  1.67565103e+00  9.81207599e-07  1.68118939e+00                                 
 1.15498616e-06  8.12133037e-01  1.15498616e-06  7.59280652e-01  1.15498616e-06  7.65892391e-01  1.15498616e-06  1.80000000e+00  1.15498616e-06 -9.41860213e-05  1.15498616e-06  7.62607105e-01  1.15498616e-06  1.67563638e+00  1.15498616e-06  1.68117858e+00                                 
 1.40457679e-06  8.12129620e-01  1.40457679e-06  7.59278943e-01  1.40457679e-06  7.66079561e-01  1.40457679e-06  1.80000000e+00  1.40457679e-06  9.40823924e-05  1.40457679e-06  7.62612803e-01  1.40457679e-06  1.67563371e+00  1.40457679e-06  1.68117204e+00                                 
 1.75953504e-06  8.12133050e-01  1.75953504e-06  7.59280655e-01  1.75953504e-06  7.65904094e-01  1.75953504e-06  1.80000000e+00  1.75953504e-06 -9.41710523e-05  1.75953504e-06  7.62607059e-01  1.75953504e-06  1.67561157e+00  1.75953504e-06  1.68115386e+00                                 
 2.28543239e-06  8.12129612e-01  2.28543239e-06  7.59278941e-01  2.28543239e-06  7.66074843e-01  2.28543239e-06  1.80000000e+00  2.28543239e-06  9.40676881e-05  2.28543239e-06  7.62612832e-01  2.28543239e-06  1.67559763e+00  2.28543239e-06  1.68113602e+00                                 
 3.13401632e-06  8.12133055e-01  3.13401632e-06  7.59280657e-01  3.13401632e-06  7.65907460e-01  3.13401632e-06  1.80000000e+00  3.13401632e-06 -9.42020570e-05  3.13401632e-06  7.62607039e-01  3.13401632e-06  1.67555517e+00  3.13401632e-06  1.68109761e+00                                 
 4.33401632e-06  8.12129610e-01  4.33401632e-06  7.59278940e-01  4.33401632e-06  7.66073309e-01  4.33401632e-06  1.80000000e+00  4.33401632e-06  9.40606669e-05  4.33401632e-06  7.62612845e-01  4.33401632e-06  1.67551363e+00  4.33401632e-06  1.68105218e+00                                 
 5.53401632e-06  8.12133056e-01  5.53401632e-06  7.59280657e-01  5.53401632e-06  7.65913979e-01  5.53401632e-06  1.80000000e+00  5.53401632e-06 -9.40770380e-05  5.53401632e-06  7.62607029e-01  5.53401632e-06  1.67545677e+00  5.53401632e-06  1.68099943e+00                                 
 6.00100000e-06  8.12129607e-01  6.00100000e-06  7.59278939e-01  6.00100000e-06  7.66075819e-01  6.00100000e-06  1.80000000e+00  6.00100000e-06  9.40440240e-05  6.00100000e-06  7.62612862e-01  6.00100000e-06  1.67544529e+00  6.00100000e-06  1.68098398e+00                                 
 6.00110000e-06  8.12096375e-01  6.00110000e-06  7.59046301e-01  6.00110000e-06  7.64057394e-01  6.00110000e-06  1.62000000e+00  6.00110000e-06 -9.28893912e-05  6.00110000e-06  7.60831329e-01  6.00110000e-06  1.67393243e+00  6.00110000e-06  1.68096900e+00                                 
 6.00130000e-06  8.12127347e-01  6.00130000e-06  7.59090909e-01  6.00130000e-06  7.64652125e-01  6.00130000e-06  1.26000000e+00  6.00130000e-06  3.50751616e-05  6.00130000e-06  7.61040221e-01  6.00130000e-06  1.67411216e+00  6.00130000e-06  1.68098962e+00                                 
 6.00170000e-06  8.12163654e-01  6.00170000e-06  7.59155400e-01  6.00170000e-06  7.70826084e-01  6.00170000e-06  5.40000000e-01  6.00170000e-06  7.54655058e-01  6.00170000e-06  7.60292626e-01  6.00170000e-06  1.65646541e+00  6.00170000e-06  1.68088998e+00                                 
 6.00200000e-06  8.12122831e-01  6.00200000e-06  7.56924730e-01  6.00200000e-06  8.08103037e-01  6.00200000e-06  0.00000000e+00  6.00200000e-06  1.74367730e+00  6.00200000e-06  7.34648653e-01  6.00200000e-06  1.42180272e+00  6.00200000e-06  1.68016214e+00                                 
 6.00204459e-06  8.12131969e-01  6.00204459e-06  7.56789883e-01  6.00204459e-06  8.07731056e-01  6.00204459e-06  0.00000000e+00  6.00204459e-06  1.77888728e+00  6.00204459e-06  7.33107204e-01  6.00204459e-06  1.36599838e+00  6.00204459e-06  1.68048200e+00                                 
 6.00213376e-06  8.12131697e-01  6.00213376e-06  7.56718788e-01  6.00213376e-06  8.02611482e-01  6.00213376e-06  0.00000000e+00  6.00213376e-06  1.80356306e+00  6.00213376e-06  7.32595561e-01  6.00213376e-06  1.26534135e+00  6.00213376e-06  1.68097305e+00                                 
 6.00231210e-06  8.12129850e-01  6.00231210e-06  7.57153803e-01  6.00231210e-06  7.92463466e-01  6.00231210e-06  0.00000000e+00  6.00231210e-06  1.79615130e+00  6.00231210e-06  7.38069349e-01  6.00231210e-06  1.12161095e+00  6.00231210e-06  1.68108567e+00                                 
 6.00255354e-06  8.12131038e-01  6.00255354e-06  7.57637013e-01  6.00255354e-06  7.87118090e-01  6.00255354e-06  0.00000000e+00  6.00255354e-06  1.80178931e+00  6.00255354e-06  7.43117890e-01  6.00255354e-06  9.90918750e-01  6.00255354e-06  1.68121609e+00                                 
 6.00283156e-06  8.12129480e-01  6.00283156e-06  7.58169703e-01  6.00283156e-06  7.81356330e-01  6.00283156e-06  0.00000000e+00  6.00283156e-06  1.79805128e+00  6.00283156e-06  7.47993285e-01  6.00283156e-06  8.81853862e-01  6.00283156e-06  1.68127531e+00                                 
 6.00315014e-06  8.12131275e-01  6.00315014e-06  7.58880426e-01  6.00315014e-06  7.74581855e-01  6.00315014e-06  0.00000000e+00  6.00315014e-06  1.80090340e+00  6.00315014e-06  7.54689350e-01  6.00315014e-06  8.08155934e-01  6.00315014e-06  1.68130862e+00                                 
 6.00360619e-06  8.12129911e-01  6.00360619e-06  7.59563907e-01  6.00360619e-06  7.67658569e-01  6.00360619e-06  0.00000000e+00  6.00360619e-06  1.79911586e+00  6.00360619e-06  7.60821146e-01  6.00360619e-06  7.71949499e-01  6.00360619e-06  1.68111472e+00                                 
 6.00399779e-06  8.12131700e-01  6.00399779e-06  7.59779883e-01  6.00399779e-06  7.66918110e-01  6.00399779e-06  0.00000000e+00  6.00399779e-06  1.80074338e+00  6.00399779e-06  7.62599755e-01  6.00399779e-06  7.67944698e-01  6.00399779e-06  1.68076082e+00                                 
 6.00446661e-06  8.12130320e-01  6.00446661e-06  7.59805040e-01  6.00446661e-06  7.66618445e-01  6.00446661e-06  0.00000000e+00  6.00446661e-06  1.79939713e+00  6.00446661e-06  7.62994964e-01  6.00446661e-06  7.66772116e-01  6.00446661e-06  1.68012240e+00                                 
 6.00501365e-06  8.12131956e-01  6.00501365e-06  7.59771942e-01  6.00501365e-06  7.67376353e-01  6.00501365e-06  0.00000000e+00  6.00501365e-06  1.80052822e+00  6.00501365e-06  7.63337703e-01  6.00501365e-06  7.67176084e-01  6.00501365e-06  1.67926540e+00                                 
 6.00610772e-06  8.12130564e-01  6.00610772e-06  7.59644725e-01  6.00610772e-06  7.68393769e-01  6.00610772e-06  0.00000000e+00  6.00610772e-06  1.79952309e+00  6.00610772e-06  7.63373383e-01  6.00610772e-06  7.68249949e-01  6.00610772e-06  1.67733159e+00                                 
 6.00829586e-06  8.12132069e-01  6.00829586e-06  7.59495096e-01  6.00829586e-06  7.71534118e-01  6.00829586e-06  0.00000000e+00  6.00829586e-06  1.80047090e+00  6.00829586e-06  7.63603359e-01  6.00829586e-06  7.71221114e-01  6.00829586e-06  1.67325498e+00                                 
 6.01267214e-06  8.12130599e-01  6.01267214e-06  7.59340123e-01  6.01267214e-06  7.77561493e-01  6.01267214e-06  0.00000000e+00  6.01267214e-06  1.79955003e+00  6.01267214e-06  7.63439818e-01  6.01267214e-06  7.77340341e-01  6.01267214e-06  1.66500215e+00                                 
 6.02142469e-06  8.12132070e-01  6.02142469e-06  7.59268790e-01  6.02142469e-06  7.90506438e-01  6.02142469e-06  0.00000000e+00  6.02142469e-06  1.80045756e+00  6.02142469e-06  7.63336085e-01  6.02142469e-06  7.90129787e-01  6.02142469e-06  1.64870752e+00                                 
 6.03892980e-06  8.12130601e-01  6.03892980e-06  7.59270217e-01  6.03892980e-06  8.14537971e-01  6.03892980e-06  0.00000000e+00  6.03892980e-06  1.79955602e+00  6.03892980e-06  7.62914254e-01  6.03892980e-06  8.14275844e-01  6.03892980e-06  1.61586102e+00                                 
 6.07394003e-06  8.12132066e-01  6.07394003e-06  7.59282875e-01  6.07394003e-06  8.58714593e-01  6.07394003e-06  0.00000000e+00  6.07394003e-06  1.80045316e+00  6.07394003e-06  7.62755161e-01  6.07394003e-06  8.58122334e-01  6.07394003e-06  1.55002128e+00                                 
 6.14396048e-06  8.12130600e-01  6.14396048e-06  7.59275174e-01  6.14396048e-06  9.30864693e-01  6.14396048e-06  0.00000000e+00  6.14396048e-06  1.79955550e+00  6.14396048e-06  7.62536877e-01  6.14396048e-06  9.30320343e-01  6.14396048e-06  1.42268279e+00                                 
 6.28400139e-06  8.12132065e-01  6.28400139e-06  7.59284610e-01  6.28400139e-06  1.03062792e+00  6.28400139e-06  0.00000000e+00  6.28400139e-06  1.80044921e+00  6.28400139e-06  7.62665606e-01  6.28400139e-06  1.02937279e+00  6.28400139e-06  1.18589490e+00                                 
 6.43008625e-06  8.12130601e-01  6.43008625e-06  7.59274892e-01  6.43008625e-06  1.09104140e+00  6.43008625e-06  0.00000000e+00  6.43008625e-06  1.79955352e+00  6.43008625e-06  7.62549049e-01  6.43008625e-06  1.09102850e+00  6.43008625e-06  1.08447631e+00                                 
 6.59138459e-06  8.12132065e-01  6.59138459e-06  7.59284777e-01  6.59138459e-06  1.12958666e+00  6.59138459e-06  0.00000000e+00  6.59138459e-06  1.80044750e+00  6.59138459e-06  7.62665834e-01  6.59138459e-06  1.12923508e+00  6.59138459e-06  1.12370968e+00                                 
 6.73123539e-06  8.12130601e-01  6.73123539e-06  7.59274765e-01  6.73123539e-06  1.14840485e+00  6.73123539e-06  0.00000000e+00  6.73123539e-06  1.79955340e+00  6.73123539e-06  7.62552324e-01  6.73123539e-06  1.14852936e+00  6.73123539e-06  1.14861218e+00                                 
 6.89449069e-06  8.12132065e-01  6.89449069e-06  7.59284869e-01  6.89449069e-06  1.16180055e+00  6.89449069e-06  0.00000000e+00  6.89449069e-06  1.80044673e+00  6.89449069e-06  7.62665967e-01  6.89449069e-06  1.16158139e+00  6.89449069e-06  1.16413205e+00                                 
 7.22100130e-06  8.12130600e-01  7.22100130e-06  7.59274713e-01  7.22100130e-06  1.17365214e+00  7.22100130e-06  0.00000000e+00  7.22100130e-06  1.79955351e+00  7.22100130e-06  7.62553382e-01  7.22100130e-06  1.17381256e+00  7.22100130e-06  1.17892651e+00                                 
 7.66579895e-06  8.12132064e-01  7.66579895e-06  7.59284906e-01  7.66579895e-06  1.17801878e+00  7.66579895e-06  0.00000000e+00  7.66579895e-06  1.80044772e+00  7.66579895e-06  7.62666404e-01  7.66579895e-06  1.17789907e+00  7.66579895e-06  1.18369975e+00                                 
 8.35563870e-06  8.12130600e-01  8.35563870e-06  7.59274714e-01  8.35563870e-06  1.17846106e+00  8.35563870e-06  0.00000000e+00  8.35563870e-06  1.79955313e+00  8.35563870e-06  7.62553758e-01  8.35563870e-06  1.17861128e+00  8.35563870e-06  1.18466950e+00                                 
 9.50004902e-06  8.12132064e-01  9.50004902e-06  7.59284919e-01  9.50004902e-06  1.17869565e+00  9.50004902e-06  0.00000000e+00  9.50004902e-06  1.80044801e+00  9.50004902e-06  7.62666413e-01  9.50004902e-06  1.17853672e+00  9.50004902e-06  1.18451099e+00                                 
 1.07000490e-05  8.12130601e-01  1.07000490e-05  7.59274702e-01  1.07000490e-05  1.17844797e+00  1.07000490e-05  0.00000000e+00  1.07000490e-05  1.79955338e+00  1.07000490e-05  7.62553730e-01  1.07000490e-05  1.17861564e+00  1.07000490e-05  1.18465874e+00                                 
 1.19000490e-05  8.12132064e-01  1.19000490e-05  7.59284918e-01  1.19000490e-05  1.17870958e+00  1.19000490e-05  0.00000000e+00  1.19000490e-05  1.80044718e+00  1.19000490e-05  7.62666317e-01  1.19000490e-05  1.17854598e+00  1.19000490e-05  1.18454109e+00                                 
 1.20000000e-05  8.12130601e-01  1.20000000e-05  7.59274666e-01  1.20000000e-05  1.17845072e+00  1.20000000e-05  0.00000000e+00  1.20000000e-05  1.79955402e+00  1.20000000e-05  7.62553809e-01  1.20000000e-05  1.17861479e+00  1.20000000e-05  1.18465728e+00                                 
 1.20001000e-05  8.12154197e-01  1.20001000e-05  7.59444698e-01  1.20001000e-05  1.18008861e+00  1.20001000e-05  1.80000000e-01  1.20001000e-05  1.80011538e+00  1.20001000e-05  7.64065585e-01  1.20001000e-05  1.17994020e+00  1.20001000e-05  1.18466696e+00                                 
 1.20003000e-05  8.12137906e-01  1.20003000e-05  7.59479558e-01  1.20003000e-05  1.17967413e+00  1.20003000e-05  5.40000000e-01  1.20003000e-05  1.80000343e+00  1.20003000e-05  7.64502258e-01  1.20003000e-05  1.18024608e+00  1.20003000e-05  1.18464938e+00                                 
 1.20006377e-05  8.12076174e-01  1.20006377e-05  7.59129480e-01  1.20006377e-05  1.17771053e+00  1.20006377e-05  1.14779318e+00  1.20006377e-05  1.81173203e+00  1.20006377e-05  7.62306987e-01  1.20006377e-05  1.18563619e+00  1.20006377e-05  1.18467170e+00                                 
 1.20010000e-05  8.12270421e-01  1.20010000e-05  7.59160121e-01  1.20010000e-05  1.17002925e+00  1.20010000e-05  1.80000000e+00  1.20010000e-05  7.14754100e-02  1.20010000e-05  7.60143993e-01  1.20010000e-05  1.17693078e+00  1.20010000e-05  1.18457638e+00                                 
 1.20010397e-05  8.12270075e-01  1.20010397e-05  7.59197902e-01  1.20010397e-05  1.16998054e+00  1.20010397e-05  1.80000000e+00  1.20010397e-05  1.26921518e-02  1.20010397e-05  7.61362316e-01  1.20010397e-05  1.17724414e+00  1.20010397e-05  1.18461578e+00                                 
 1.20011191e-05  8.12320003e-01  1.20011191e-05  7.59312593e-01  1.20011191e-05  1.17003671e+00  1.20011191e-05  1.80000000e+00  1.20011191e-05 -7.53392944e-03  1.20011191e-05  7.63115028e-01  1.20011191e-05  1.17856537e+00  1.20011191e-05  1.18465086e+00                                 
 1.20012780e-05  8.12371817e-01  1.20012780e-05  7.59290106e-01  1.20012780e-05  1.16894748e+00  1.20012780e-05  1.80000000e+00  1.20012780e-05  6.31649398e-03  1.20012780e-05  7.62608843e-01  1.20012780e-05  1.17830515e+00  1.20012780e-05  1.18462480e+00                                 
 1.20015836e-05  8.12344901e-01  1.20015836e-05  7.59281397e-01  1.20015836e-05  1.16876462e+00  1.20015836e-05  1.80000000e+00  1.20015836e-05 -5.53408050e-03  1.20015836e-05  7.62721484e-01  1.20015836e-05  1.17823681e+00  1.20015836e-05  1.18465895e+00                                 
 1.20019703e-05  8.12302317e-01  1.20019703e-05  7.59288193e-01  1.20019703e-05  1.16843029e+00  1.20019703e-05  1.80000000e+00  1.20019703e-05  5.12858089e-03  1.20019703e-05  7.62653318e-01  1.20019703e-05  1.17832334e+00  1.20019703e-05  1.18464278e+00                                 
 1.20026020e-05  8.12203110e-01  1.20026020e-05  7.59270246e-01  1.20026020e-05  1.16799759e+00  1.20026020e-05  1.80000000e+00  1.20026020e-05 -4.85070848e-03  1.20026020e-05  7.62614535e-01  1.20026020e-05  1.17814737e+00  1.20026020e-05  1.18466296e+00                                 
 1.20034470e-05  8.12149583e-01  1.20034470e-05  7.59286233e-01  1.20034470e-05  1.16696111e+00  1.20034470e-05  1.80000000e+00  1.20034470e-05  4.66682387e-03  1.20034470e-05  7.62667274e-01  1.20034470e-05  1.17832545e+00  1.20034470e-05  1.18464491e+00                                 
 1.20049982e-05  8.12099439e-01  1.20049982e-05  7.59268992e-01  1.20049982e-05  1.16453327e+00  1.20049982e-05  1.80000000e+00  1.20049982e-05 -4.56697758e-03  1.20049982e-05  7.62581307e-01  1.20049982e-05  1.17811850e+00  1.20049982e-05  1.18465226e+00                                 
 1.20073401e-05  8.12109202e-01  1.20073401e-05  7.59287594e-01  1.20073401e-05  1.16034228e+00  1.20073401e-05  1.80000000e+00  1.20073401e-05  4.50975424e-03  1.20073401e-05  7.62661925e-01  1.20073401e-05  1.17831541e+00  1.20073401e-05  1.18462292e+00                                 
 1.20120240e-05  8.12100220e-01  1.20120240e-05  7.59269696e-01  1.20120240e-05  1.15170018e+00  1.20120240e-05  1.80000000e+00  1.20120240e-05 -4.46780875e-03  1.20120240e-05  7.62556901e-01  1.20120240e-05  1.17809551e+00  1.20120240e-05  1.18460249e+00                                 
 1.20207326e-05  8.12126107e-01  1.20207326e-05  7.59289079e-01  1.20207326e-05  1.13475762e+00  1.20207326e-05  1.80000000e+00  1.20207326e-05  4.46522764e-03  1.20207326e-05  7.62650447e-01  1.20207326e-05  1.17830126e+00  1.20207326e-05  1.18452825e+00                                 
 1.20292988e-05  8.12126242e-01  1.20292988e-05  7.59270504e-01  1.20292988e-05  1.11623058e+00  1.20292988e-05  1.80000000e+00  1.20292988e-05 -4.43263537e-03  1.20292988e-05  7.62551824e-01  1.20292988e-05  1.17808768e+00  1.20292988e-05  1.18449099e+00                                 
 1.20392153e-05  8.12137310e-01  1.20392153e-05  7.59289252e-01  1.20392153e-05  1.09429989e+00  1.20392153e-05  1.80000000e+00  1.20392153e-05  4.43422051e-03  1.20392153e-05  7.62655253e-01  1.20392153e-05  1.17830154e+00  1.20392153e-05  1.18442940e+00                                 
 1.20516438e-05  8.12128350e-01  1.20516438e-05  7.59270428e-01  1.20516438e-05  1.06644112e+00  1.20516438e-05  1.80000000e+00  1.20516438e-05 -4.40652492e-03  1.20516438e-05  7.62553882e-01  1.20516438e-05  1.17808657e+00  1.20516438e-05  1.18439450e+00                                 
 1.20694117e-05  8.12136743e-01  1.20694117e-05  7.59289257e-01  1.20694117e-05  1.02698682e+00  1.20694117e-05  1.80000000e+00  1.20694117e-05  4.41467963e-03  1.20694117e-05  7.62659912e-01  1.20694117e-05  1.17830217e+00  1.20694117e-05  1.18433121e+00                                 
 1.21049476e-05  8.12126999e-01  1.21049476e-05  7.59270349e-01  1.21049476e-05  9.48968278e-01  1.21049476e-05  1.80000000e+00  1.21049476e-05 -4.39428000e-03  1.21049476e-05  7.62556039e-01  1.21049476e-05  1.17808511e+00  1.21049476e-05  1.18428453e+00                                 
 1.21760192e-05  8.12136102e-01  1.21760192e-05  7.59289250e-01  1.21760192e-05  8.21735638e-01  1.21760192e-05  1.80000000e+00  1.21760192e-05  4.40970915e-03  1.21760192e-05  7.62662082e-01  1.21760192e-05  1.17830022e+00  1.21760192e-05  1.18422797e+00                                 
 1.22403115e-05  8.12126872e-01  1.22403115e-05  7.59270364e-01  1.22403115e-05  7.70537287e-01  1.22403115e-05  1.80000000e+00  1.22403115e-05 -4.38871741e-03  1.22403115e-05  7.62559090e-01  1.22403115e-05  1.17808493e+00  1.22403115e-05  1.18423496e+00                                 
 1.23005709e-05  8.12135425e-01  1.23005709e-05  7.59289204e-01  1.23005709e-05  7.66064219e-01  1.23005709e-05  1.80000000e+00  1.23005709e-05  4.40603075e-03  1.23005709e-05  7.62662566e-01  1.23005709e-05  1.17829870e+00  1.23005709e-05  1.18422038e+00                                 
 1.23395766e-05  8.12127194e-01  1.23395766e-05  7.59270381e-01  1.23395766e-05  7.65931813e-01  1.23395766e-05  1.80000000e+00  1.23395766e-05 -4.38282192e-03  1.23395766e-05  7.62557213e-01  1.23395766e-05  1.17808191e+00  1.23395766e-05  1.18423214e+00                                 
 1.23922680e-05  8.12135471e-01  1.23922680e-05  7.59289210e-01  1.23922680e-05  7.66048362e-01  1.23922680e-05  1.80000000e+00  1.23922680e-05  4.39984627e-03  1.23922680e-05  7.62662882e-01  1.23922680e-05  1.17829751e+00  1.23922680e-05  1.18421820e+00                                 
 1.24976508e-05  8.12127171e-01  1.24976508e-05  7.59270376e-01  1.24976508e-05  7.65958254e-01  1.24976508e-05  1.80000000e+00  1.24976508e-05 -4.37880662e-03  1.24976508e-05  7.62556888e-01  1.24976508e-05  1.17807934e+00  1.24976508e-05  1.18422931e+00                                 
 1.26168838e-05  8.12135516e-01  1.26168838e-05  7.59289214e-01  1.26168838e-05  7.66038336e-01  1.26168838e-05  1.80000000e+00  1.26168838e-05  4.39737506e-03  1.26168838e-05  7.62663056e-01  1.26168838e-05  1.17829432e+00  1.26168838e-05  1.18421475e+00                                 
 1.28553497e-05  8.12127137e-01  1.28553497e-05  7.59270373e-01  1.28553497e-05  7.65964189e-01  1.28553497e-05  1.80000000e+00  1.28553497e-05 -4.37708700e-03  1.28553497e-05  7.62556767e-01  1.28553497e-05  1.17807400e+00  1.28553497e-05  1.18422406e+00                                 
 1.32222022e-05  8.12135536e-01  1.32222022e-05  7.59289215e-01  1.32222022e-05  7.66035382e-01  1.32222022e-05  1.80000000e+00  1.32222022e-05  4.39641792e-03  1.32222022e-05  7.62663121e-01  1.32222022e-05  1.17828548e+00  1.32222022e-05  1.18420587e+00                                 
 1.38302864e-05  8.12127125e-01  1.38302864e-05  7.59270372e-01  1.38302864e-05  7.65965914e-01  1.38302864e-05  1.80000000e+00  1.38302864e-05 -4.37654051e-03  1.38302864e-05  7.62556726e-01  1.38302864e-05  1.17805966e+00  1.38302864e-05  1.18420976e+00                                 
 1.49170553e-05  8.12135544e-01  1.49170553e-05  7.59289216e-01  1.49170553e-05  7.66034390e-01  1.49170553e-05  1.80000000e+00  1.49170553e-05  4.39606244e-03  1.49170553e-05  7.62663146e-01  1.49170553e-05  1.17826057e+00  1.49170553e-05  1.18418097e+00                                 
 1.61170553e-05  8.12127119e-01  1.61170553e-05  7.59270372e-01  1.61170553e-05  7.65966563e-01  1.61170553e-05  1.80000000e+00  1.61170553e-05 -4.37634894e-03  1.61170553e-05  7.62556708e-01  1.61170553e-05  1.17802595e+00  1.61170553e-05  1.18417609e+00                                 
 1.73170553e-05  8.12135549e-01  1.73170553e-05  7.59289217e-01  1.73170553e-05  7.66033773e-01  1.73170553e-05  1.80000000e+00  1.73170553e-05  4.39583484e-03  1.73170553e-05  7.62663162e-01  1.73170553e-05  1.17822521e+00  1.73170553e-05  1.18414564e+00                                 
 1.80010000e-05  8.12127111e-01  1.80010000e-05  7.59270370e-01  1.80010000e-05  7.65967378e-01  1.80010000e-05  1.80000000e+00  1.80010000e-05 -4.37605580e-03  1.80010000e-05  7.62556687e-01  1.80010000e-05  1.17799818e+00  1.80010000e-05  1.18414836e+00                                 
 1.80011000e-05  8.12096695e-01  1.80011000e-05  7.59046636e-01  1.80011000e-05  7.64020007e-01  1.80011000e-05  1.62000000e+00  1.80011000e-05 -4.08611960e-04  1.80011000e-05  7.60846450e-01  1.80011000e-05  1.17659085e+00  1.80011000e-05  1.18413217e+00                                 
 1.80013000e-05  8.12128107e-01  1.80013000e-05  7.59091074e-01  1.80013000e-05  7.64624257e-01  1.80013000e-05  1.26000000e+00  1.80013000e-05  3.04210080e-04  1.80013000e-05  7.61034749e-01  1.80013000e-05  1.17676262e+00  1.80013000e-05  1.18414781e+00                                 
 1.80017000e-05  8.12163593e-01  1.80017000e-05  7.59424192e-01  1.80017000e-05  7.67234251e-01  1.80017000e-05  5.40000000e-01  1.80017000e-05  8.26971969e-01  1.80017000e-05  7.63448706e-01  1.80017000e-05  1.18104516e+00  1.80017000e-05  1.18415605e+00                                 
 1.80020000e-05  8.12123260e-01  1.80020000e-05  7.58799243e-01  1.80020000e-05  7.80794647e-01  1.80020000e-05  3.67661457e-12  1.80020000e-05  1.75670634e+00  1.80020000e-05  7.56713486e-01  1.80020000e-05  1.10041382e+00  1.80020000e-05  1.18376081e+00                                 
 1.80020439e-05  8.12132190e-01  1.80020439e-05  7.58609419e-01  1.80020439e-05  7.82485671e-01  1.80020439e-05  0.00000000e+00  1.80020439e-05  1.78401456e+00  1.80020439e-05  7.54446712e-01  1.80020439e-05  1.07510069e+00  1.80020439e-05  1.18374291e+00                                 
 1.80021316e-05  8.12131624e-01  1.80021316e-05  7.58292864e-01  1.80021316e-05  7.83369498e-01  1.80021316e-05  0.00000000e+00  1.80021316e-05  1.80303967e+00  1.80021316e-05  7.50795379e-01  1.80021316e-05  1.02496507e+00  1.80021316e-05  1.18380760e+00                                 
 1.80023072e-05  8.12129822e-01  1.80023072e-05  7.58156177e-01  1.80023072e-05  7.81846456e-01  1.80023072e-05  0.00000000e+00  1.80023072e-05  1.79685542e+00  1.80023072e-05  7.49517913e-01  1.80023072e-05  9.40337423e-01  1.80023072e-05  1.18407827e+00                                 
 1.80026320e-05  8.12131194e-01  1.80026320e-05  7.58404556e-01  1.80026320e-05  7.77465345e-01  1.80026320e-05  0.00000000e+00  1.80026320e-05  1.80138501e+00  1.80026320e-05  7.52469398e-01  1.80026320e-05  8.35596005e-01  1.80026320e-05  1.18436321e+00                                 
 1.80030142e-05  8.12129614e-01  1.80030142e-05  7.58977898e-01  1.80030142e-05  7.69965166e-01  1.80030142e-05  0.00000000e+00  1.80030142e-05  1.79852370e+00  1.80030142e-05  7.58311542e-01  1.80030142e-05  7.81913858e-01  1.80030142e-05  1.18448293e+00                                 
 1.80034322e-05  8.12131591e-01  1.80034322e-05  7.59383863e-01  1.80034322e-05  7.67038100e-01  1.80034322e-05  0.00000000e+00  1.80034322e-05  1.80119060e+00  1.80034322e-05  7.61920277e-01  1.80034322e-05  7.69482457e-01  1.80034322e-05  1.18433262e+00                                 
 1.80039027e-05  8.12130114e-01  1.80039027e-05  7.59483551e-01  1.80039027e-05  7.66532522e-01  1.80039027e-05  0.00000000e+00  1.80039027e-05  1.79902709e+00  1.80039027e-05  7.62414910e-01  1.80039027e-05  7.66639779e-01  1.80039027e-05  1.18379479e+00                                 
 1.80043540e-05  8.12132011e-01  1.80043540e-05  7.59527629e-01  1.80043540e-05  7.66789947e-01  1.80043540e-05  0.00000000e+00  1.80043540e-05  1.80081384e+00  1.80043540e-05  7.62988866e-01  1.80043540e-05  7.66906632e-01  1.80043540e-05  1.18309819e+00                                 
 1.80052565e-05  8.12130456e-01  1.80052565e-05  7.59466979e-01  1.80052565e-05  7.67672859e-01  1.80052565e-05  0.00000000e+00  1.80052565e-05  1.79926983e+00  1.80052565e-05  7.62782362e-01  1.80052565e-05  7.67312871e-01  1.80052565e-05  1.18142387e+00                                 
 1.80069455e-05  8.12132214e-01  1.80069455e-05  7.59418066e-01  1.80069455e-05  7.69777422e-01  1.80069455e-05  0.00000000e+00  1.80069455e-05  1.80070541e+00  1.80069455e-05  7.63177244e-01  1.80069455e-05  7.69703867e-01  1.80069455e-05  1.17796304e+00                                 
 1.80103237e-05  8.12130487e-01  1.80103237e-05  7.59321121e-01  1.80103237e-05  7.74490541e-01  1.80103237e-05  0.00000000e+00  1.80103237e-05  1.79932401e+00  1.80103237e-05  7.62890841e-01  1.80103237e-05  7.74051180e-01  1.80103237e-05  1.17077710e+00                                 
 1.80170799e-05  8.12132177e-01  1.80170799e-05  7.59293179e-01  1.80170799e-05  7.84445405e-01  1.80170799e-05  0.00000000e+00  1.80170799e-05  1.80067989e+00  1.80170799e-05  7.63124171e-01  1.80170799e-05  7.84312283e-01  1.80170799e-05  1.15684355e+00                                 
 1.80305925e-05  8.12130484e-01  1.80305925e-05  7.59260899e-01  1.80305925e-05  8.03856678e-01  1.80305925e-05  0.00000000e+00  1.80305925e-05  1.79933631e+00  1.80305925e-05  7.62680817e-01  1.80305925e-05  8.03326246e-01  1.80305925e-05  1.13033864e+00                                 
 1.80576176e-05  8.12132178e-01  1.80576176e-05  7.59292521e-01  1.80576176e-05  8.39808671e-01  1.80576176e-05  0.00000000e+00  1.80576176e-05  1.80067265e+00  1.80576176e-05  7.62841219e-01  1.80576176e-05  8.39648501e-01  1.80576176e-05  1.08021086e+00                                 
 1.81116678e-05  8.12130486e-01  1.81116678e-05  7.59266050e-01  1.81116678e-05  9.01613231e-01  1.81116678e-05  0.00000000e+00  1.81116678e-05  1.79933754e+00  1.81116678e-05  7.62451623e-01  1.81116678e-05  9.00356660e-01  1.81116678e-05  9.95049046e-01                                 
 1.81874277e-05  8.12132179e-01  1.81874277e-05  7.59293297e-01  1.81874277e-05  9.69606150e-01  1.81874277e-05  0.00000000e+00  1.81874277e-05  1.80066852e+00  1.81874277e-05  7.62756749e-01  1.81874277e-05  9.69628615e-01  1.81874277e-05  9.56260502e-01                                 
 1.82660486e-05  8.12130486e-01  1.82660486e-05  7.59266479e-01  1.82660486e-05  1.02235889e+00  1.82660486e-05  0.00000000e+00  1.82660486e-05  1.79933669e+00  1.82660486e-05  7.62449429e-01  1.82660486e-05  1.02046689e+00  1.82660486e-05  9.95387343e-01                                 
 1.83475562e-05  8.12132179e-01  1.83475562e-05  7.59293002e-01  1.83475562e-05  1.06298631e+00  1.83475562e-05  0.00000000e+00  1.83475562e-05  1.80066579e+00  1.83475562e-05  7.62763078e-01  1.83475562e-05  1.06331540e+00  1.83475562e-05  1.04242933e+00                                 
 1.84410707e-05  8.12130486e-01  1.84410707e-05  7.59266668e-01  1.84410707e-05  1.09693210e+00  1.84410707e-05  0.00000000e+00  1.84410707e-05  1.79933679e+00  1.84410707e-05  7.62449342e-01  1.84410707e-05  1.09601115e+00  1.84410707e-05  1.08414361e+00                                 
 1.86280998e-05  8.12132178e-01  1.86280998e-05  7.59292895e-01  1.86280998e-05  1.13933954e+00  1.86280998e-05  0.00000000e+00  1.86280998e-05  1.80066409e+00  1.86280998e-05  7.62766989e-01  1.86280998e-05  1.13972455e+00  1.86280998e-05  1.13622553e+00                                 
 1.88850703e-05  8.12130486e-01  1.88850703e-05  7.59266713e-01  1.88850703e-05  1.16634756e+00  1.88850703e-05  0.00000000e+00  1.88850703e-05  1.79933657e+00  1.88850703e-05  7.62450853e-01  1.88850703e-05  1.16588312e+00  1.88850703e-05  1.16889668e+00                                 
 1.91930275e-05  8.12132179e-01  1.91930275e-05  7.59292953e-01  1.91930275e-05  1.17802848e+00  1.91930275e-05  0.00000000e+00  1.91930275e-05  1.80066551e+00  1.91930275e-05  7.62769178e-01  1.91930275e-05  1.17825258e+00  1.91930275e-05  1.18295255e+00                                 
 1.95845977e-05  8.12130486e-01  1.95845977e-05  7.59266740e-01  1.95845977e-05  1.18224866e+00  1.95845977e-05  0.00000000e+00  1.95845977e-05  1.79933673e+00  1.95845977e-05  7.62451187e-01  1.95845977e-05  1.18185149e+00  1.95845977e-05  1.18800466e+00                                 
 2.01266401e-05  8.12132179e-01  2.01266401e-05  7.59292949e-01  2.01266401e-05  1.18335142e+00  2.01266401e-05  0.00000000e+00  2.01266401e-05  1.80066564e+00  2.01266401e-05  7.62769540e-01  2.01266401e-05  1.18370193e+00  2.01266401e-05  1.18937895e+00                                 
 2.09977999e-05  8.12130486e-01  2.09977999e-05  7.59266754e-01  2.09977999e-05  1.18341053e+00  2.09977999e-05  0.00000000e+00  2.09977999e-05  1.79933688e+00  2.09977999e-05  7.62451178e-01  2.09977999e-05  1.18301931e+00  2.09977999e-05  1.18938891e+00                                 
 2.21977999e-05  8.12132178e-01  2.21977999e-05  7.59292939e-01  2.21977999e-05  1.18342070e+00  2.21977999e-05  0.00000000e+00  2.21977999e-05  1.80066553e+00  2.21977999e-05  7.62769571e-01  2.21977999e-05  1.18380328e+00  2.21977999e-05  1.18949257e+00                                 
 2.33977999e-05  8.12130487e-01  2.33977999e-05  7.59266762e-01  2.33977999e-05  1.18341931e+00  2.33977999e-05  0.00000000e+00  2.33977999e-05  1.79933696e+00  2.33977999e-05  7.62451154e-01  2.33977999e-05  1.18302905e+00  2.33977999e-05  1.18939819e+00                                 
 2.40000000e-05  8.12132179e-01  2.40000000e-05  7.59292862e-01  2.40000000e-05  1.18340169e+00  2.40000000e-05  0.00000000e+00  2.40000000e-05  1.80066378e+00  2.40000000e-05  7.62769071e-01  2.40000000e-05  1.18378835e+00  2.40000000e-05  1.18948155e+00                                 
 2.40001000e-05  8.12154253e-01  2.40001000e-05  7.59447863e-01  2.40001000e-05  1.18493790e+00  2.40001000e-05  1.80000000e-01  2.40001000e-05  1.80029314e+00  2.40001000e-05  7.64092592e-01  2.40001000e-05  1.18491728e+00  2.40001000e-05  1.18948330e+00                                 
 2.40003000e-05  8.12137863e-01  2.40003000e-05  7.59479389e-01  2.40003000e-05  1.18451173e+00  2.40003000e-05  5.40000000e-01  2.40003000e-05  1.79988334e+00  2.40003000e-05  7.64484710e-01  2.40003000e-05  1.18514570e+00  2.40003000e-05  1.18946623e+00                                 
 2.40006369e-05  8.12076357e-01  2.40006369e-05  7.59129217e-01  2.40006369e-05  1.18254165e+00  2.40006369e-05  1.14646146e+00  2.40006369e-05  1.81360111e+00  2.40006369e-05  7.62288102e-01  2.40006369e-05  1.19046837e+00  2.40006369e-05  1.18949074e+00                                 
 2.40010000e-05  8.12273158e-01  2.40010000e-05  7.59162302e-01  2.40010000e-05  1.17469360e+00  2.40010000e-05  1.80000000e+00  2.40010000e-05  7.19097295e-02  2.40010000e-05  7.60158213e-01  2.40010000e-05  1.18182215e+00  2.40010000e-05  1.18939728e+00                                 
 2.40010398e-05  8.12273233e-01  2.40010398e-05  7.59202951e-01  2.40010398e-05  1.17464882e+00  2.40010398e-05  1.80000000e+00  2.40010398e-05  1.27857681e-02  2.40010398e-05  7.61404122e-01  2.40010398e-05  1.18216380e+00  2.40010398e-05  1.18943709e+00                                 
 2.40011194e-05  8.12323322e-01  2.40011194e-05  7.59317073e-01  2.40011194e-05  1.17470417e+00  2.40011194e-05  1.80000000e+00  2.40011194e-05 -7.56606683e-03  2.40011194e-05  7.63143826e-01  2.40011194e-05  1.18348132e+00  2.40011194e-05  1.18947182e+00                                 
 2.40012785e-05  8.12374646e-01  2.40012785e-05  7.59290375e-01  2.40012785e-05  1.17360625e+00  2.40012785e-05  1.80000000e+00  2.40012785e-05  6.34697363e-03  2.40012785e-05  7.62595021e-01  2.40012785e-05  1.18318371e+00  2.40012785e-05  1.18944621e+00                                 
 2.40015829e-05  8.12347579e-01  2.40015829e-05  7.59283742e-01  2.40015829e-05  1.17343295e+00  2.40015829e-05  1.80000000e+00  2.40015829e-05 -5.55298946e-03  2.40015829e-05  7.62734824e-01  2.40015829e-05  1.18313904e+00  2.40015829e-05  1.18948148e+00                                 
 2.40019717e-05  8.12304408e-01  2.40019717e-05  7.59288282e-01  2.40019717e-05  1.17307840e+00  2.40019717e-05  1.80000000e+00  2.40019717e-05  5.15024414e-03  2.40019717e-05  7.62644899e-01  2.40019717e-05  1.18320691e+00  2.40019717e-05  1.18946588e+00                                 
 2.40026037e-05  8.12204863e-01  2.40026037e-05  7.59271431e-01  2.40026037e-05  1.17263104e+00  2.40026037e-05  1.80000000e+00  2.40026037e-05 -4.86961736e-03  2.40026037e-05  7.62623201e-01  2.40026037e-05  1.18304550e+00  2.40026037e-05  1.18948775e+00                                 
 2.40034505e-05  8.12150521e-01  2.40034505e-05  7.59285834e-01  2.40034505e-05  1.17156631e+00  2.40034505e-05  1.80000000e+00  2.40034505e-05  4.68511000e-03  2.40034505e-05  7.62660307e-01  2.40034505e-05  1.18321033e+00  2.40034505e-05  1.18947071e+00                                 
 2.40049808e-05  8.12099757e-01  2.40049808e-05  7.59269529e-01  2.40049808e-05  1.16916324e+00  2.40049808e-05  1.80000000e+00  2.40049808e-05 -4.58375620e-03  2.40049808e-05  7.62588045e-01  2.40049808e-05  1.18301498e+00  2.40049808e-05  1.18948086e+00                                 
 2.40072638e-05  8.12108417e-01  2.40072638e-05  7.59287001e-01  2.40072638e-05  1.16509648e+00  2.40072638e-05  1.80000000e+00  2.40072638e-05  4.52428206e-03  2.40072638e-05  7.62655833e-01  2.40072638e-05  1.18320112e+00  2.40072638e-05  1.18945446e+00                                 
 2.40118297e-05  8.12099294e-01  2.40118297e-05  7.59270156e-01  2.40118297e-05  1.15674895e+00  2.40118297e-05  1.80000000e+00  2.40118297e-05 -4.48139489e-03  2.40118297e-05  7.62563166e-01  2.40118297e-05  1.18299174e+00  2.40118297e-05  1.18944046e+00                                 
 2.40204593e-05  8.12125349e-01  2.40204593e-05  7.59288575e-01  2.40204593e-05  1.14007051e+00  2.40204593e-05  1.80000000e+00  2.40204593e-05  4.47879708e-03  2.40204593e-05  7.62644432e-01  2.40204593e-05  1.18318714e+00  2.40204593e-05  1.18937444e+00                                 
 2.40289263e-05  8.12126213e-01  2.40289263e-05  7.59270996e-01  2.40289263e-05  1.12179213e+00  2.40289263e-05  1.80000000e+00  2.40289263e-05 -4.44561042e-03  2.40289263e-05  7.62557700e-01  2.40289263e-05  1.18298366e+00  2.40289263e-05  1.18934466e+00                                 
 2.40387722e-05  8.12137283e-01  2.40387722e-05  7.59288765e-01  2.40387722e-05  1.10000694e+00  2.40387722e-05  1.80000000e+00  2.40387722e-05  4.44736823e-03  2.40387722e-05  7.62649358e-01  2.40387722e-05  1.18318760e+00  2.40387722e-05  1.18928917e+00                                 
 2.40508974e-05  8.12128453e-01  2.40508974e-05  7.59270912e-01  2.40508974e-05  1.07280741e+00  2.40508974e-05  1.80000000e+00  2.40508974e-05 -4.41899787e-03  2.40508974e-05  7.62559609e-01  2.40508974e-05  1.18298253e+00  2.40508974e-05  1.18926172e+00                                 
 2.40684869e-05  8.12136730e-01  2.40684869e-05  7.59288779e-01  2.40684869e-05  1.03370463e+00  2.40684869e-05  1.80000000e+00  2.40684869e-05  4.42736246e-03  2.40684869e-05  7.62654129e-01  2.40684869e-05  1.18318846e+00  2.40684869e-05  1.18920457e+00                                 
 2.41036659e-05  8.12127084e-01  2.41036659e-05  7.59270828e-01  2.41036659e-05  9.56282162e-01  2.41036659e-05  1.80000000e+00  2.41036659e-05 -4.40658575e-03  2.41036659e-05  7.62561815e-01  2.41036659e-05  1.18298127e+00  2.41036659e-05  1.18916585e+00                                 
 2.41740238e-05  8.12135985e-01  2.41740238e-05  7.59288770e-01  2.41740238e-05  8.27133496e-01  2.41740238e-05  1.80000000e+00  2.41740238e-05  4.42223758e-03  2.41740238e-05  7.62656218e-01  2.41740238e-05  1.18318658e+00  2.41740238e-05  1.18911399e+00                                 
 2.42394175e-05  8.12127045e-01  2.42394175e-05  7.59270845e-01  2.42394175e-05  7.71343839e-01  2.42394175e-05  1.80000000e+00  2.42394175e-05 -4.40099885e-03  2.42394175e-05  7.62564806e-01  2.42394175e-05  1.18298108e+00  2.42394175e-05  1.18912180e+00                                 
 2.43000773e-05  8.12135231e-01  2.43000773e-05  7.59288726e-01  2.43000773e-05  7.66061141e-01  2.43000773e-05  1.80000000e+00  2.43000773e-05  4.41864345e-03  2.43000773e-05  7.62656936e-01  2.43000773e-05  1.18318522e+00  2.43000773e-05  1.18910701e+00                                 
 2.43368342e-05  8.12127395e-01  2.43368342e-05  7.59270855e-01  2.43368342e-05  7.65921969e-01  2.43368342e-05  1.80000000e+00  2.43368342e-05 -4.39486184e-03  2.43368342e-05  7.62562853e-01  2.43368342e-05  1.18297800e+00  2.43368342e-05  1.18911924e+00                                 
 2.43897491e-05  8.12135266e-01  2.43897491e-05  7.59288738e-01  2.43897491e-05  7.66050606e-01  2.43897491e-05  1.80000000e+00  2.43897491e-05  4.41222246e-03  2.43897491e-05  7.62657263e-01  2.43897491e-05  1.18318405e+00  2.43897491e-05  1.18910488e+00                                 
 2.44955790e-05  8.12127374e-01  2.44955790e-05  7.59270847e-01  2.44955790e-05  7.65956888e-01  2.44955790e-05  1.80000000e+00  2.44955790e-05 -4.39084281e-03  2.44955790e-05  7.62562506e-01  2.44955790e-05  1.18297536e+00  2.44955790e-05  1.18911635e+00                                 
 2.46029002e-05  8.12135318e-01  2.46029002e-05  7.59288745e-01  2.46029002e-05  7.66038633e-01  2.46029002e-05  1.80000000e+00  2.46029002e-05  4.40961710e-03  2.46029002e-05  7.62657452e-01  2.46029002e-05  1.18318099e+00  2.46029002e-05  1.18910154e+00                                 
 2.48175426e-05  8.12127332e-01  2.48175426e-05  7.59270842e-01  2.48175426e-05  7.65964446e-01  2.48175426e-05  1.80000000e+00  2.48175426e-05 -4.38892455e-03  2.48175426e-05  7.62562366e-01  2.48175426e-05  1.18297045e+00  2.48175426e-05  1.18911154e+00                                 
 2.51421218e-05  8.12135343e-01  2.51421218e-05  7.59288748e-01  2.51421218e-05  7.66034886e-01  2.51421218e-05  1.80000000e+00  2.51421218e-05  4.40854210e-03  2.51421218e-05  7.62657530e-01  2.51421218e-05  1.18317296e+00  2.51421218e-05  1.18909348e+00                                 
 2.56554606e-05  8.12127315e-01  2.56554606e-05  7.59270840e-01  2.56554606e-05  7.65966682e-01  2.56554606e-05  1.80000000e+00  2.56554606e-05 -4.38829554e-03  2.56554606e-05  7.62562316e-01  2.56554606e-05  1.18295784e+00  2.56554606e-05  1.18909898e+00                                 
 2.65715324e-05  8.12135353e-01  2.65715324e-05  7.59288749e-01  2.65715324e-05  7.66033569e-01  2.65715324e-05  1.80000000e+00  2.65715324e-05  4.40811930e-03  2.65715324e-05  7.62657560e-01  2.65715324e-05  1.18315156e+00  2.65715324e-05  1.18907207e+00                                 
 2.77715324e-05  8.12127309e-01  2.77715324e-05  7.59270839e-01  2.77715324e-05  7.65967478e-01  2.77715324e-05  1.80000000e+00  2.77715324e-05 -4.38805747e-03  2.77715324e-05  7.62562297e-01  2.77715324e-05  1.18292613e+00  2.77715324e-05  1.18906731e+00                                 
 2.89715324e-05  8.12135359e-01  2.89715324e-05  7.59288750e-01  2.89715324e-05  7.66032882e-01  2.89715324e-05  1.80000000e+00  2.89715324e-05  4.40789046e-03  2.89715324e-05  7.62657576e-01  2.89715324e-05  1.18311560e+00  2.89715324e-05  1.18903614e+00                                 
 3.00010000e-05  8.12127302e-01  3.00010000e-05  7.59270838e-01  3.00010000e-05  7.65968196e-01  3.00010000e-05  1.80000000e+00  3.00010000e-05 -4.38783619e-03  3.00010000e-05  7.62562279e-01  3.00010000e-05  1.18289269e+00  3.00010000e-05  1.18903391e+00                                 
 3.00011000e-05  8.12096775e-01  3.00011000e-05  7.59046742e-01  3.00011000e-05  7.64020761e-01  3.00011000e-05  1.62000000e+00  3.00011000e-05 -4.09749052e-04  3.00011000e-05  7.60847687e-01  3.00011000e-05  1.18148153e+00  3.00011000e-05  1.18901752e+00                                 
 3.00013000e-05  8.12128156e-01  3.00013000e-05  7.59091019e-01  3.00013000e-05  7.64625078e-01  3.00013000e-05  1.26000000e+00  3.00013000e-05  3.05076356e-04  3.00013000e-05  7.61034026e-01  3.00013000e-05  1.18165159e+00  3.00013000e-05  1.18903316e+00                                 
 3.00017000e-05  8.12163636e-01  3.00017000e-05  7.59424842e-01  3.00017000e-05  7.67233459e-01  3.00017000e-05  5.40000000e-01  3.00017000e-05  8.26426704e-01  3.00017000e-05  7.63456331e-01  3.00017000e-05  1.18599521e+00  3.00017000e-05  1.18904169e+00                                 
 3.00020000e-05  8.12123281e-01  3.00020000e-05  7.58784769e-01  3.00020000e-05  7.80996415e-01  3.00020000e-05  3.67661457e-12  3.00020000e-05  1.75663556e+00  3.00020000e-05  7.56542288e-01  3.00020000e-05  1.10421960e+00  3.00020000e-05  1.18864114e+00                                 
 3.00020439e-05  8.12132217e-01  3.00020439e-05  7.58595410e-01  3.00020439e-05  7.82681653e-01  3.00020439e-05  0.00000000e+00  3.00020439e-05  1.78398440e+00  3.00020439e-05  7.54282132e-01  3.00020439e-05  1.07867653e+00  3.00020439e-05  1.18862518e+00                                 
 3.00021316e-05  8.12131651e-01  3.00021316e-05  7.58280568e-01  3.00021316e-05  7.83528085e-01  3.00021316e-05  0.00000000e+00  3.00021316e-05  1.80304111e+00  3.00021316e-05  7.50654414e-01  3.00021316e-05  1.02815296e+00  3.00021316e-05  1.18869348e+00                                 
 3.00023072e-05  8.12129844e-01  3.00023072e-05  7.58146647e-01  3.00023072e-05  7.81951721e-01  3.00023072e-05  0.00000000e+00  3.00023072e-05  1.79685314e+00  3.00023072e-05  7.49410982e-01  3.00023072e-05  9.42978277e-01  3.00023072e-05  1.18896656e+00                                 
 3.00026324e-05  8.12131210e-01  3.00026324e-05  7.58393421e-01  3.00026324e-05  7.77616143e-01  3.00026324e-05  0.00000000e+00  3.00026324e-05  1.80138647e+00  3.00026324e-05  7.52336055e-01  3.00026324e-05  8.37009651e-01  3.00026324e-05  1.18924977e+00                                 
 3.00030171e-05  8.12129628e-01  3.00030171e-05  7.58974979e-01  3.00030171e-05  7.70016919e-01  3.00030171e-05  0.00000000e+00  3.00030171e-05  1.79851405e+00  3.00030171e-05  7.58259777e-01  3.00030171e-05  7.82124251e-01  3.00030171e-05  1.18936875e+00                                 
 3.00034345e-05  8.12131602e-01  3.00034345e-05  7.59385257e-01  3.00034345e-05  7.67048449e-01  3.00034345e-05  0.00000000e+00  3.00034345e-05  1.80119757e+00  3.00034345e-05  7.61909464e-01  3.00034345e-05  7.69537758e-01  3.00034345e-05  1.18921833e+00                                 
 3.00039096e-05  8.12130125e-01  3.00039096e-05  7.59486945e-01  3.00039096e-05  7.66537161e-01  3.00039096e-05  0.00000000e+00  3.00039096e-05  1.79901972e+00  3.00039096e-05  7.62416894e-01  3.00039096e-05  7.66632065e-01  3.00039096e-05  1.18867404e+00                                 
 3.00043566e-05  8.12132019e-01  3.00043566e-05  7.59530930e-01  3.00043566e-05  7.66787916e-01  3.00043566e-05  0.00000000e+00  3.00043566e-05  1.80081840e+00  3.00043566e-05  7.62993826e-01  3.00043566e-05  7.66911129e-01  3.00043566e-05  1.18798252e+00                                 
 3.00052506e-05  8.12130460e-01  3.00052506e-05  7.59469809e-01  3.00052506e-05  7.67668189e-01  3.00052506e-05  0.00000000e+00  3.00052506e-05  1.79926640e+00  3.00052506e-05  7.62783291e-01  3.00052506e-05  7.67303566e-01  3.00052506e-05  1.18632304e+00                                 
 3.00069275e-05  8.12132219e-01  3.00069275e-05  7.59420594e-01  3.00069275e-05  7.69750865e-01  3.00069275e-05  0.00000000e+00  3.00069275e-05  1.80070839e+00  3.00069275e-05  7.63183464e-01  3.00069275e-05  7.69682581e-01  3.00069275e-05  1.18288633e+00                                 
 3.00102815e-05  8.12130488e-01  3.00102815e-05  7.59322298e-01  3.00102815e-05  7.74434539e-01  3.00102815e-05  0.00000000e+00  3.00102815e-05  1.79932124e+00  3.00102815e-05  7.62893964e-01  3.00102815e-05  7.73990464e-01  3.00102815e-05  1.17574745e+00                                 
 3.00169893e-05  8.12132177e-01  3.00169893e-05  7.59293702e-01  3.00169893e-05  7.84316525e-01  3.00169893e-05  0.00000000e+00  3.00169893e-05  1.80068256e+00  3.00169893e-05  7.63131365e-01  3.00169893e-05  7.84188686e-01  3.00169893e-05  1.16189982e+00                                 
 3.00304050e-05  8.12130484e-01  3.00304050e-05  7.59260555e-01  3.00304050e-05  8.03614308e-01  3.00304050e-05  0.00000000e+00  3.00304050e-05  1.79933370e+00  3.00304050e-05  7.62682965e-01  3.00304050e-05  8.03078652e-01  3.00304050e-05  1.13555482e+00                                 
 3.00572364e-05  8.12132179e-01  3.00572364e-05  7.59292702e-01  3.00572364e-05  8.39360262e-01  3.00572364e-05  0.00000000e+00  3.00572364e-05  1.80067525e+00  3.00572364e-05  7.62845489e-01  3.00572364e-05  8.39208858e-01  3.00572364e-05  1.08570506e+00                                 
 3.01108993e-05  8.12130486e-01  3.01108993e-05  7.59265844e-01  3.01108993e-05  9.00889773e-01  3.01108993e-05  0.00000000e+00  3.01108993e-05  1.79933497e+00  3.01108993e-05  7.62450050e-01  3.01108993e-05  8.99625702e-01  3.01108993e-05  9.99929510e-01                                 
 3.01862247e-05  8.12132180e-01  3.01862247e-05  7.59293488e-01  3.01862247e-05  9.68768237e-01  3.01862247e-05  0.00000000e+00  3.01862247e-05  1.80067111e+00  3.01862247e-05  7.62758680e-01  3.01862247e-05  9.68812444e-01  3.01862247e-05  9.57867546e-01                                 
 3.02651795e-05  8.12130486e-01  3.02651795e-05  7.59266295e-01  3.02651795e-05  1.02199034e+00  3.02651795e-05  0.00000000e+00  3.02651795e-05  1.79933412e+00  3.02651795e-05  7.62447386e-01  3.02651795e-05  1.02006286e+00  3.02651795e-05  9.95071626e-01                                 
 3.03457959e-05  8.12132179e-01  3.03457959e-05  7.59293181e-01  3.03457959e-05  1.06237342e+00  3.03457959e-05  0.00000000e+00  3.03457959e-05  1.80066836e+00  3.03457959e-05  7.62765130e-01  3.03457959e-05  1.06272278e+00  3.03457959e-05  1.04166809e+00                                 
 3.04397595e-05  8.12130486e-01  3.04397595e-05  7.59266492e-01  3.04397595e-05  1.09670264e+00  3.04397595e-05  0.00000000e+00  3.04397595e-05  1.79933422e+00  3.04397595e-05  7.62447220e-01  3.04397595e-05  1.09576123e+00  3.04397595e-05  1.08380992e+00                                 
 3.06276869e-05  8.12132179e-01  3.06276869e-05  7.59293071e-01  3.06276869e-05  1.13947745e+00  3.06276869e-05  0.00000000e+00  3.06276869e-05  1.80066666e+00  3.06276869e-05  7.62769102e-01  3.06276869e-05  1.13987571e+00  3.06276869e-05  1.13634942e+00                                 
 3.08838446e-05  8.12130486e-01  3.08838446e-05  7.59266538e-01  3.08838446e-05  1.16647442e+00  3.08838446e-05  0.00000000e+00  3.08838446e-05  1.79933400e+00  3.08838446e-05  7.62448727e-01  3.08838446e-05  1.16599825e+00  3.08838446e-05  1.16900519e+00                                 
 3.11915505e-05  8.12132179e-01  3.11915505e-05  7.59293131e-01  3.11915505e-05  1.17820139e+00  3.11915505e-05  0.00000000e+00  3.11915505e-05  1.80066812e+00  3.11915505e-05  7.62771325e-01  3.11915505e-05  1.17843151e+00  3.11915505e-05  1.18311995e+00                                 
 3.15819629e-05  8.12130486e-01  3.15819629e-05  7.59266566e-01  3.15819629e-05  1.18244700e+00  3.15819629e-05  0.00000000e+00  3.15819629e-05  1.79933416e+00  3.15819629e-05  7.62449059e-01  3.15819629e-05  1.18203922e+00  3.15819629e-05  1.18819830e+00                                 
 3.21238058e-05  8.12132179e-01  3.21238058e-05  7.59293126e-01  3.21238058e-05  1.18355652e+00  3.21238058e-05  0.00000000e+00  3.21238058e-05  1.80066827e+00  3.21238058e-05  7.62771693e-01  3.21238058e-05  1.18391624e+00  3.21238058e-05  1.18958587e+00                                 
 3.29921154e-05  8.12130486e-01  3.29921154e-05  7.59266581e-01  3.29921154e-05  1.18362322e+00  3.29921154e-05  0.00000000e+00  3.29921154e-05  1.79933431e+00  3.29921154e-05  7.62449051e-01  3.29921154e-05  1.18322152e+00  3.29921154e-05  1.18959959e+00                                 
 3.41921154e-05  8.12132179e-01  3.41921154e-05  7.59293116e-01  3.41921154e-05  1.18362706e+00  3.41921154e-05  0.00000000e+00  3.41921154e-05  1.80066816e+00  3.41921154e-05  7.62771726e-01  3.41921154e-05  1.18401993e+00  3.41921154e-05  1.18970157e+00                                 
 3.53921154e-05  8.12130486e-01  3.53921154e-05  7.59266589e-01  3.53921154e-05  1.18363218e+00  3.53921154e-05  0.00000000e+00  3.53921154e-05  1.79933439e+00  3.53921154e-05  7.62449026e-01  3.53921154e-05  1.18323147e+00  3.53921154e-05  1.18960909e+00                                 
 3.60000000e-05  8.12132179e-01  3.60000000e-05  7.59293036e-01  3.60000000e-05  1.18360719e+00  3.60000000e-05  0.00000000e+00  3.60000000e-05  1.80066637e+00  3.60000000e-05  7.62771209e-01  3.60000000e-05  1.18400424e+00  3.60000000e-05  1.18968918e+00                                 
 3.60001000e-05  8.12154253e-01  3.60001000e-05  7.59447895e-01  3.60001000e-05  1.18514658e+00  3.60001000e-05  1.80000000e-01  3.60001000e-05  1.80029357e+00  3.60001000e-05  7.64092889e-01  3.60001000e-05  1.18513069e+00  3.60001000e-05  1.18969093e+00                                 
 3.60003000e-05  8.12137863e-01  3.60003000e-05  7.59479371e-01  3.60003000e-05  1.18472163e+00  3.60003000e-05  5.40000000e-01  3.60003000e-05  1.79988308e+00  3.60003000e-05  7.64484384e-01  3.60003000e-05  1.18535722e+00  3.60003000e-05  1.18967397e+00                                 
 3.60006369e-05  8.12076358e-01  3.60006369e-05  7.59129242e-01  3.60006369e-05  1.18275040e+00  3.60006369e-05  1.14645744e+00  3.60006369e-05  1.81360662e+00  3.60006369e-05  7.62288372e-01  3.60006369e-05  1.19068132e+00  3.60006369e-05  1.18969864e+00                                 
 3.60010000e-05  8.12273291e-01  3.60010000e-05  7.59162273e-01  3.60010000e-05  1.17489494e+00  3.60010000e-05  1.80000000e+00  3.60010000e-05  7.19123859e-02  3.60010000e-05  7.60157790e-01  3.60010000e-05  1.18203283e+00  3.60010000e-05  1.18960526e+00                                 
 3.60010398e-05  8.12273369e-01  3.60010398e-05  7.59202955e-01  3.60010398e-05  1.17485020e+00  3.60010398e-05  1.80000000e+00  3.60010398e-05  1.27865907e-02  3.60010398e-05  7.61404055e-01  3.60010398e-05  1.18237467e+00  3.60010398e-05  1.18964510e+00                                 
 3.60011194e-05  8.12323454e-01  3.60011194e-05  7.59317104e-01  3.60011194e-05  1.17490593e+00  3.60011194e-05  1.80000000e+00  3.60011194e-05 -7.56622397e-03  3.60011194e-05  7.63144032e-01  3.60011194e-05  1.18369237e+00  3.60011194e-05  1.18967985e+00                                 
 3.60012785e-05  8.12374770e-01  3.60012785e-05  7.59290392e-01  3.60012785e-05  1.17380824e+00  3.60012785e-05  1.80000000e+00  3.60012785e-05  6.34726958e-03  3.60012785e-05  7.62595073e-01  3.60012785e-05  1.18339464e+00  3.60012785e-05  1.18965429e+00                                 
 3.60015829e-05  8.12347690e-01  3.60015829e-05  7.59283758e-01  3.60015829e-05  1.17363482e+00  3.60015829e-05  1.80000000e+00  3.60015829e-05 -5.55306480e-03  3.60015829e-05  7.62734912e-01  3.60015829e-05  1.18334998e+00  3.60015829e-05  1.18968965e+00                                 
 3.60019717e-05  8.12304502e-01  3.60019717e-05  7.59288287e-01  3.60019717e-05  1.17327980e+00  3.60019717e-05  1.80000000e+00  3.60019717e-05  5.15046235e-03  3.60019717e-05  7.62644903e-01  3.60019717e-05  1.18341780e+00  3.60019717e-05  1.18967414e+00                                 
 3.60026038e-05  8.12204933e-01  3.60026038e-05  7.59271435e-01  3.60026038e-05  1.17283151e+00  3.60026038e-05  1.80000000e+00  3.60026038e-05 -4.86980463e-03  3.60026038e-05  7.62623242e-01  3.60026038e-05  1.18325642e+00  3.60026038e-05  1.18969616e+00                                 
 3.60034506e-05  8.12150567e-01  3.60034506e-05  7.59285833e-01  3.60034506e-05  1.17176595e+00  3.60034506e-05  1.80000000e+00  3.60034506e-05  4.68526646e-03  3.60034506e-05  7.62660288e-01  3.60034506e-05  1.18342125e+00  3.60034506e-05  1.18967926e+00                                 
 3.60049802e-05  8.12099767e-01  3.60049802e-05  7.59269530e-01  3.60049802e-05  1.16936348e+00  3.60049802e-05  1.80000000e+00  3.60049802e-05 -4.58389434e-03  3.60049802e-05  7.62588056e-01  3.60049802e-05  1.18322596e+00  3.60049802e-05  1.18968959e+00                                 
 3.60072604e-05  8.12108386e-01  3.60072604e-05  7.59287000e-01  3.60072604e-05  1.16530260e+00  3.60072604e-05  1.80000000e+00  3.60072604e-05  4.52431070e-03  3.60072604e-05  7.62655825e-01  3.60072604e-05  1.18341214e+00  3.60072604e-05  1.18966334e+00                                 
 3.60118210e-05  8.12099251e-01  3.60118210e-05  7.59270155e-01  3.60118210e-05  1.15696811e+00  3.60118210e-05  1.80000000e+00  3.60118210e-05 -4.48140178e-03  3.60118210e-05  7.62563177e-01  3.60118210e-05  1.18320281e+00  3.60118210e-05  1.18964956e+00                                 
 3.60204500e-05  8.12125322e-01  3.60204500e-05  7.59288574e-01  3.60204500e-05  1.14029573e+00  3.60204500e-05  1.80000000e+00  3.60204500e-05  4.47879634e-03  3.60204500e-05  7.62644420e-01  3.60204500e-05  1.18339822e+00  3.60204500e-05  1.18958382e+00                                 
 3.60289143e-05  8.12126213e-01  3.60289143e-05  7.59270997e-01  3.60289143e-05  1.12202404e+00  3.60289143e-05  1.80000000e+00  3.60289143e-05 -4.44560462e-03  3.60289143e-05  7.62557703e-01  3.60289143e-05  1.18319475e+00  3.60289143e-05  1.18955431e+00                                 
 3.60387575e-05  8.12137284e-01  3.60387575e-05  7.59288764e-01  3.60387575e-05  1.10024435e+00  3.60387575e-05  1.80000000e+00  3.60387575e-05  4.44735843e-03  3.60387575e-05  7.62649348e-01  3.60387575e-05  1.18339870e+00  3.60387575e-05  1.18949906e+00                                 
 3.60508707e-05  8.12128456e-01  3.60508707e-05  7.59270913e-01  3.60508707e-05  1.07307063e+00  3.60508707e-05  1.80000000e+00  3.60508707e-05 -4.41897611e-03  3.60508707e-05  7.62559611e-01  3.60508707e-05  1.18319364e+00  3.60508707e-05  1.18947188e+00                                 
 3.60684550e-05  8.12136731e-01  3.60684550e-05  7.59288778e-01  3.60684550e-05  1.03397791e+00  3.60684550e-05  1.80000000e+00  3.60684550e-05  4.42733793e-03  3.60684550e-05  7.62654122e-01  3.60684550e-05  1.18339957e+00  3.60684550e-05  1.18941497e+00                                 
 3.61036235e-05  8.12127086e-01  3.61036235e-05  7.59270829e-01  3.61036235e-05  9.56571222e-01  3.61036235e-05  1.80000000e+00  3.61036235e-05 -4.40656045e-03  3.61036235e-05  7.62561822e-01  3.61036235e-05  1.18319239e+00  3.61036235e-05  1.18937655e+00                                 
 3.61739605e-05  8.12135982e-01  3.61739605e-05  7.59288769e-01  3.61739605e-05  8.27343109e-01  3.61739605e-05  1.80000000e+00  3.61739605e-05  4.42220865e-03  3.61739605e-05  7.62656208e-01  3.61739605e-05  1.18339770e+00  3.61739605e-05  1.18932488e+00                                 
 3.62394052e-05  8.12127050e-01  3.62394052e-05  7.59270845e-01  3.62394052e-05  7.71373059e-01  3.62394052e-05  1.80000000e+00  3.62394052e-05 -4.40097353e-03  3.62394052e-05  7.62564810e-01  3.62394052e-05  1.18319220e+00  3.62394052e-05  1.18933272e+00                                 
 3.63000880e-05  8.12135225e-01  3.63000880e-05  7.59288725e-01  3.63000880e-05  7.66060675e-01  3.63000880e-05  1.80000000e+00  3.63000880e-05  4.41861900e-03  3.63000880e-05  7.62656934e-01  3.63000880e-05  1.18339635e+00  3.63000880e-05  1.18931794e+00                                 
 3.63367725e-05  8.12127401e-01  3.63367725e-05  7.59270855e-01  3.63367725e-05  7.65921405e-01  3.63367725e-05  1.80000000e+00  3.63367725e-05 -4.39482934e-03  3.63367725e-05  7.62562855e-01  3.63367725e-05  1.18318912e+00  3.63367725e-05  1.18933018e+00                                 
 3.63897005e-05  8.12135259e-01  3.63897005e-05  7.59288738e-01  3.63897005e-05  7.66050768e-01  3.63897005e-05  1.80000000e+00  3.63897005e-05  4.41219103e-03  3.63897005e-05  7.62657260e-01  3.63897005e-05  1.18339518e+00  3.63897005e-05  1.18931582e+00                                 
 3.64955564e-05  8.12127380e-01  3.64955564e-05  7.59270847e-01  3.64955564e-05  7.65956752e-01  3.64955564e-05  1.80000000e+00  3.64955564e-05 -4.39081118e-03  3.64955564e-05  7.62562509e-01  3.64955564e-05  1.18318649e+00  3.64955564e-05  1.18932729e+00                                 
 3.66025149e-05  8.12135312e-01  3.66025149e-05  7.59288744e-01  3.66025149e-05  7.66038730e-01  3.66025149e-05  1.80000000e+00  3.66025149e-05  4.40958160e-03  3.66025149e-05  7.62657450e-01  3.66025149e-05  1.18339213e+00  3.66025149e-05  1.18931248e+00                                 
 3.68164320e-05  8.12127338e-01  3.68164320e-05  7.59270842e-01  3.68164320e-05  7.65964369e-01  3.68164320e-05  1.80000000e+00  3.68164320e-05 -4.38888641e-03  3.68164320e-05  7.62562368e-01  3.68164320e-05  1.18318159e+00  3.68164320e-05  1.18932250e+00                                 
 3.71397297e-05  8.12135337e-01  3.71397297e-05  7.59288747e-01  3.71397297e-05  7.66034953e-01  3.71397297e-05  1.80000000e+00  3.71397297e-05  4.40850271e-03  3.71397297e-05  7.62657527e-01  3.71397297e-05  1.18338414e+00  3.71397297e-05  1.18930446e+00                                 
 3.76502466e-05  8.12127321e-01  3.76502466e-05  7.59270841e-01  3.76502466e-05  7.65966624e-01  3.76502466e-05  1.80000000e+00  3.76502466e-05 -4.38825452e-03  3.76502466e-05  7.62562318e-01  3.76502466e-05  1.18316906e+00  3.76502466e-05  1.18931001e+00                                 
 3.85612408e-05  8.12135348e-01  3.85612408e-05  7.59288749e-01  3.85612408e-05  7.66033625e-01  3.85612408e-05  1.80000000e+00  3.85612408e-05  4.40807756e-03  3.85612408e-05  7.62657558e-01  3.85612408e-05  1.18336282e+00  3.85612408e-05  1.18928314e+00                                 
 3.97612408e-05  8.12127314e-01  3.97612408e-05  7.59270840e-01  3.97612408e-05  7.65967425e-01  3.97612408e-05  1.80000000e+00  3.97612408e-05 -4.38801475e-03  3.97612408e-05  7.62562299e-01  3.97612408e-05  1.18313738e+00  3.97612408e-05  1.18927837e+00                                 
 4.09612408e-05  8.12135354e-01  4.09612408e-05  7.59288749e-01  4.09612408e-05  7.66032935e-01  4.09612408e-05  1.80000000e+00  4.09612408e-05  4.40784872e-03  4.09612408e-05  7.62657574e-01  4.09612408e-05  1.18332693e+00  4.09612408e-05  1.18924727e+00                                 
 4.20010000e-05  8.12127308e-01  4.20010000e-05  7.59270839e-01  4.20010000e-05  7.65968142e-01  4.20010000e-05  1.80000000e+00  4.20010000e-05 -4.38779503e-03  4.20010000e-05  7.62562282e-01  4.20010000e-05  1.18310392e+00  4.20010000e-05  1.18924495e+00                                 
 4.20011000e-05  8.12096779e-01  4.20011000e-05  7.59046743e-01  4.20011000e-05  7.64020780e-01  4.20011000e-05  1.62000000e+00  4.20011000e-05 -4.09748071e-04  4.20011000e-05  7.60847688e-01  4.20011000e-05  1.18169276e+00  4.20011000e-05  1.18922856e+00                                 
 4.20013000e-05  8.12128159e-01  4.20013000e-05  7.59091020e-01  4.20013000e-05  7.64625122e-01  4.20013000e-05  1.26000000e+00  4.20013000e-05  3.05075485e-04  4.20013000e-05  7.61034028e-01  4.20013000e-05  1.18186281e+00  4.20013000e-05  1.18924420e+00                                 
 4.20017000e-05  8.12163638e-01  4.20017000e-05  7.59424871e-01  4.20017000e-05  7.67233434e-01  4.20017000e-05  5.40000000e-01  4.20017000e-05  8.26415219e-01  4.20017000e-05  7.63456668e-01  4.20017000e-05  1.18620908e+00  4.20017000e-05  1.18925274e+00                                 
 4.20020000e-05  8.12123282e-01  4.20020000e-05  7.58784131e-01  4.20020000e-05  7.81005301e-01  4.20020000e-05  0.00000000e+00  4.20020000e-05  1.75663440e+00  4.20020000e-05  7.56534739e-01  4.20020000e-05  1.10438282e+00  4.20020000e-05  1.18885196e+00                                 
 4.20020439e-05  8.12132218e-01  4.20020439e-05  7.58594793e-01  4.20020439e-05  7.82690224e-01  4.20020439e-05  0.00000000e+00  4.20020439e-05  1.78398379e+00  4.20020439e-05  7.54274880e-01  4.20020439e-05  1.07882968e+00  4.20020439e-05  1.18883609e+00                                 
 4.20021316e-05  8.12131652e-01  4.20021316e-05  7.58280032e-01  4.20021316e-05  7.83534955e-01  4.20021316e-05  0.00000000e+00  4.20021316e-05  1.80304100e+00  4.20021316e-05  7.50648254e-01  4.20021316e-05  1.02828929e+00  4.20021316e-05  1.18890455e+00                                 
 4.20023072e-05  8.12129846e-01  4.20023072e-05  7.58146237e-01  4.20023072e-05  7.81956247e-01  4.20023072e-05  0.00000000e+00  4.20023072e-05  1.79685314e+00  4.20023072e-05  7.49406372e-01  4.20023072e-05  9.43091157e-01  4.20023072e-05  1.18917773e+00                                 
 4.20026324e-05  8.12131211e-01  4.20026324e-05  7.58392955e-01  4.20026324e-05  7.77622442e-01  4.20026324e-05  0.00000000e+00  4.20026324e-05  1.80138648e+00  4.20026324e-05  7.52330448e-01  4.20026324e-05  8.37068792e-01  4.20026324e-05  1.18946086e+00                                 
 4.20030172e-05  8.12129630e-01  4.20030172e-05  7.58974878e-01  4.20030172e-05  7.70018919e-01  4.20030172e-05  0.00000000e+00  4.20030172e-05  1.79851369e+00  4.20030172e-05  7.58257775e-01  4.20030172e-05  7.82132160e-01  4.20030172e-05  1.18957980e+00                                 
 4.20034346e-05  8.12131603e-01  4.20034346e-05  7.59385326e-01  4.20034346e-05  7.67048859e-01  4.20034346e-05  0.00000000e+00  4.20034346e-05  1.80119783e+00  4.20034346e-05  7.61909048e-01  4.20034346e-05  7.69539959e-01  4.20034346e-05  1.18942937e+00                                 
 4.20039099e-05  8.12130126e-01  4.20039099e-05  7.59487095e-01  4.20039099e-05  7.66537359e-01  4.20039099e-05  0.00000000e+00  4.20039099e-05  1.79901943e+00  4.20039099e-05  7.62417005e-01  4.20039099e-05  7.66631718e-01  4.20039099e-05  1.18888479e+00                                 
 4.20043567e-05  8.12132020e-01  4.20043567e-05  7.59531073e-01  4.20043567e-05  7.66787856e-01  4.20043567e-05  0.00000000e+00  4.20043567e-05  1.80081857e+00  4.20043567e-05  7.62994039e-01  4.20043567e-05  7.66911324e-01  4.20043567e-05  1.18819348e+00                                 
 4.20052504e-05  8.12130461e-01  4.20052504e-05  7.59469931e-01  4.20052504e-05  7.67668028e-01  4.20052504e-05  0.00000000e+00  4.20052504e-05  1.79926628e+00  4.20052504e-05  7.62783342e-01  4.20052504e-05  7.67303220e-01  4.20052504e-05  1.18653460e+00                                 
 4.20069269e-05  8.12132219e-01  4.20069269e-05  7.59420701e-01  4.20069269e-05  7.69749843e-01  4.20069269e-05  0.00000000e+00  4.20069269e-05  1.80070850e+00  4.20069269e-05  7.63183728e-01  4.20069269e-05  7.69681771e-01  4.20069269e-05  1.18309881e+00                                 
 4.20102799e-05  8.12130489e-01  4.20102799e-05  7.59322347e-01  4.20102799e-05  7.74432381e-01  4.20102799e-05  0.00000000e+00  4.20102799e-05  1.79932114e+00  4.20102799e-05  7.62894105e-01  4.20102799e-05  7.73988116e-01  4.20102799e-05  1.17596173e+00                                 
 4.20169858e-05  8.12132177e-01  4.20169858e-05  7.59293723e-01  4.20169858e-05  7.84311506e-01  4.20169858e-05  0.00000000e+00  4.20169858e-05  1.80068266e+00  4.20169858e-05  7.63131664e-01  4.20169858e-05  7.84183881e-01  4.20169858e-05  1.16211740e+00                                 
 4.20303978e-05  8.12130484e-01  4.20303978e-05  7.59260542e-01  4.20303978e-05  8.03604852e-01  4.20303978e-05  0.00000000e+00  4.20303978e-05  1.79933360e+00  4.20303978e-05  7.62683059e-01  4.20303978e-05  8.03068986e-01  4.20303978e-05  1.13577852e+00                                 
 4.20572217e-05  8.12132179e-01  4.20572217e-05  7.59292710e-01  4.20572217e-05  8.39342708e-01  4.20572217e-05  0.00000000e+00  4.20572217e-05  1.80067535e+00  4.20572217e-05  7.62845661e-01  4.20572217e-05  8.39191658e-01  4.20572217e-05  1.08593937e+00                                 
 4.21108695e-05  8.12130485e-01  4.21108695e-05  7.59265836e-01  4.21108695e-05  9.00861385e-01  4.21108695e-05  0.00000000e+00  4.21108695e-05  1.79933488e+00  4.21108695e-05  7.62449987e-01  4.21108695e-05  8.99597024e-01  4.21108695e-05  1.00014063e+00                                 
 4.21861901e-05  8.12132179e-01  4.21861901e-05  7.59293495e-01  4.21861901e-05  9.68744648e-01  4.21861901e-05  0.00000000e+00  4.21861901e-05  1.80067120e+00  4.21861901e-05  7.62758756e-01  4.21861901e-05  9.68789777e-01  4.21861901e-05  9.57943421e-01                                 
 4.22651687e-05  8.12130486e-01  4.22651687e-05  7.59266287e-01  4.22651687e-05  1.02198884e+00  4.22651687e-05  0.00000000e+00  4.22651687e-05  1.79933402e+00  4.22651687e-05  7.62447307e-01  4.22651687e-05  1.02006009e+00  4.22651687e-05  9.95073066e-01                                 
 4.23457862e-05  8.12132179e-01  4.23457862e-05  7.59293188e-01  4.23457862e-05  1.06237442e+00  4.23457862e-05  0.00000000e+00  4.23457862e-05  1.80066846e+00  4.23457862e-05  7.62765212e-01  4.23457862e-05  1.06272470e+00  4.23457862e-05  1.04166836e+00                                 
 4.24397726e-05  8.12130486e-01  4.24397726e-05  7.59266485e-01  4.24397726e-05  1.09671274e+00  4.24397726e-05  0.00000000e+00  4.24397726e-05  1.79933413e+00  4.24397726e-05  7.62447138e-01  4.24397726e-05  1.09577066e+00  4.24397726e-05  1.08382063e+00                                 
 4.26277454e-05  8.12132179e-01  4.26277454e-05  7.59293078e-01  4.26277454e-05  1.13949363e+00  4.26277454e-05  0.00000000e+00  4.26277454e-05  1.80066675e+00  4.26277454e-05  7.62769185e-01  4.26277454e-05  1.13989245e+00  4.26277454e-05  1.13636762e+00                                 
 4.28838832e-05  8.12130486e-01  4.28838832e-05  7.59266531e-01  4.28838832e-05  1.16648371e+00  4.28838832e-05  0.00000000e+00  4.28838832e-05  1.79933390e+00  4.28838832e-05  7.62448645e-01  4.28838832e-05  1.16600708e+00  4.28838832e-05  1.16901489e+00                                 
 4.31916146e-05  8.12132179e-01  4.31916146e-05  7.59293138e-01  4.31916146e-05  1.17820963e+00  4.31916146e-05  0.00000000e+00  4.31916146e-05  1.80066822e+00  4.31916146e-05  7.62771408e-01  4.31916146e-05  1.17844002e+00  4.31916146e-05  1.18312850e+00                                 
 4.35820179e-05  8.12130486e-01  4.35820179e-05  7.59266559e-01  4.35820179e-05  1.18245444e+00  4.35820179e-05  0.00000000e+00  4.35820179e-05  1.79933407e+00  4.35820179e-05  7.62448977e-01  4.35820179e-05  1.18204621e+00  4.35820179e-05  1.18820573e+00                                 
 4.41239318e-05  8.12132179e-01  4.41239318e-05  7.59293133e-01  4.41239318e-05  1.18356358e+00  4.41239318e-05  0.00000000e+00  4.41239318e-05  1.80066837e+00  4.41239318e-05  7.62771777e-01  4.41239318e-05  1.18392370e+00  4.41239318e-05  1.18959301e+00                                 
 4.49922632e-05  8.12130486e-01  4.49922632e-05  7.59266573e-01  4.49922632e-05  1.18363044e+00  4.49922632e-05  0.00000000e+00  4.49922632e-05  1.79933421e+00  4.49922632e-05  7.62448967e-01  4.49922632e-05  1.18322830e+00  4.49922632e-05  1.18960675e+00                                 
 4.61922632e-05  8.12132179e-01  4.61922632e-05  7.59293122e-01  4.61922632e-05  1.18363404e+00  4.61922632e-05  0.00000000e+00  4.61922632e-05  1.80066826e+00  4.61922632e-05  7.62771808e-01  4.61922632e-05  1.18402734e+00  4.61922632e-05  1.18970863e+00                                 
 4.73922632e-05  8.12130486e-01  4.73922632e-05  7.59266582e-01  4.73922632e-05  1.18363946e+00  4.73922632e-05  0.00000000e+00  4.73922632e-05  1.79933430e+00  4.73922632e-05  7.62448943e-01  4.73922632e-05  1.18323831e+00  4.73922632e-05  1.18961632e+00                                 
 4.80000000e-05  8.12132179e-01  4.80000000e-05  7.59293043e-01  4.80000000e-05  1.18361420e+00  4.80000000e-05  0.00000000e+00  4.80000000e-05  1.80066647e+00  4.80000000e-05  7.62771292e-01  4.80000000e-05  1.18401168e+00  4.80000000e-05  1.18969625e+00                                 
 4.80001000e-05  8.12154253e-01  4.80001000e-05  7.59447895e-01  4.80001000e-05  1.18515371e+00  4.80001000e-05  1.80000000e-01  4.80001000e-05  1.80029359e+00  4.80001000e-05  7.64092899e-01  4.80001000e-05  1.18513803e+00  4.80001000e-05  1.18969800e+00                                 
 4.80003000e-05  8.12137862e-01  4.80003000e-05  7.59479369e-01  4.80003000e-05  1.18472881e+00  4.80003000e-05  5.40000000e-01  4.80003000e-05  1.79988307e+00  4.80003000e-05  7.64484370e-01  4.80003000e-05  1.18536447e+00  4.80003000e-05  1.18968104e+00                                 
 4.80006369e-05  8.12076357e-01  4.80006369e-05  7.59129243e-01  4.80006369e-05  1.18275754e+00  4.80006369e-05  1.14645729e+00  4.80006369e-05  1.81360684e+00  4.80006369e-05  7.62288381e-01  4.80006369e-05  1.19068862e+00  4.80006369e-05  1.18970572e+00                                 
 4.80010000e-05  8.12273294e-01  4.80010000e-05  7.59162272e-01  4.80010000e-05  1.17490183e+00  4.80010000e-05  1.80000000e+00  4.80010000e-05  7.19124799e-02  4.80010000e-05  7.60157774e-01  4.80010000e-05  1.18204005e+00  4.80010000e-05  1.18961235e+00                                 
 4.80010398e-05  8.12273373e-01  4.80010398e-05  7.59202955e-01  4.80010398e-05  1.17485709e+00  4.80010398e-05  1.80000000e+00  4.80010398e-05  1.27866196e-02  4.80010398e-05  7.61404053e-01  4.80010398e-05  1.18238190e+00  4.80010398e-05  1.18965219e+00                                 
 4.80011194e-05  8.12323458e-01  4.80011194e-05  7.59317105e-01  4.80011194e-05  1.17491283e+00  4.80011194e-05  1.80000000e+00  4.80011194e-05 -7.56622959e-03  4.80011194e-05  7.63144039e-01  4.80011194e-05  1.18369961e+00  4.80011194e-05  1.18968695e+00                                 
 4.80012785e-05  8.12374773e-01  4.80012785e-05  7.59290392e-01  4.80012785e-05  1.17381514e+00  4.80012785e-05  1.80000000e+00  4.80012785e-05  6.34727990e-03  4.80012785e-05  7.62595074e-01  4.80012785e-05  1.18340187e+00  4.80012785e-05  1.18966138e+00                                 
 4.80015829e-05  8.12347693e-01  4.80015829e-05  7.59283758e-01  4.80015829e-05  1.17364172e+00  4.80015829e-05  1.80000000e+00  4.80015829e-05 -5.55306751e-03  4.80015829e-05  7.62734915e-01  4.80015829e-05  1.18335721e+00  4.80015829e-05  1.18969675e+00                                 
 4.80019717e-05  8.12304505e-01  4.80019717e-05  7.59288286e-01  4.80019717e-05  1.17328668e+00  4.80019717e-05  1.80000000e+00  4.80019717e-05  5.15046994e-03  4.80019717e-05  7.62644903e-01  4.80019717e-05  1.18342503e+00  4.80019717e-05  1.18968125e+00                                 
 4.80026038e-05  8.12204935e-01  4.80026038e-05  7.59271435e-01  4.80026038e-05  1.17283836e+00  4.80026038e-05  1.80000000e+00  4.80026038e-05 -4.86981115e-03  4.80026038e-05  7.62623244e-01  4.80026038e-05  1.18326365e+00  4.80026038e-05  1.18970328e+00                                 
 4.80034506e-05  8.12150568e-01  4.80034506e-05  7.59285833e-01  4.80034506e-05  1.17177278e+00  4.80034506e-05  1.80000000e+00  4.80034506e-05  4.68527192e-03  4.80034506e-05  7.62660287e-01  4.80034506e-05  1.18342848e+00  4.80034506e-05  1.18968639e+00                                 
 4.80049801e-05  8.12099767e-01  4.80049801e-05  7.59269529e-01  4.80049801e-05  1.16937032e+00  4.80049801e-05  1.80000000e+00  4.80049801e-05 -4.58389917e-03  4.80049801e-05  7.62588056e-01  4.80049801e-05  1.18323319e+00  4.80049801e-05  1.18969673e+00                                 
 4.80072603e-05  8.12108384e-01  4.80072603e-05  7.59287000e-01  4.80072603e-05  1.16530964e+00  4.80072603e-05  1.80000000e+00  4.80072603e-05  4.52431179e-03  4.80072603e-05  7.62655824e-01  4.80072603e-05  1.18341938e+00  4.80072603e-05  1.18967049e+00                                 
 4.80118207e-05  8.12099249e-01  4.80118207e-05  7.59270155e-01  4.80118207e-05  1.15697560e+00  4.80118207e-05  1.80000000e+00  4.80118207e-05 -4.48140211e-03  4.80118207e-05  7.62563177e-01  4.80118207e-05  1.18321005e+00  4.80118207e-05  1.18965671e+00                                 
 4.80204497e-05  8.12125320e-01  4.80204497e-05  7.59288574e-01  4.80204497e-05  1.14030342e+00  4.80204497e-05  1.80000000e+00  4.80204497e-05  4.47879643e-03  4.80204497e-05  7.62644420e-01  4.80204497e-05  1.18340546e+00  4.80204497e-05  1.18959099e+00                                 
 4.80289139e-05  8.12126213e-01  4.80289139e-05  7.59270997e-01  4.80289139e-05  1.12203196e+00  4.80289139e-05  1.80000000e+00  4.80289139e-05 -4.44560453e-03  4.80289139e-05  7.62557703e-01  4.80289139e-05  1.18320199e+00  4.80289139e-05  1.18956148e+00                                 
 4.80387570e-05  8.12137283e-01  4.80387570e-05  7.59288764e-01  4.80387570e-05  1.10025246e+00  4.80387570e-05  1.80000000e+00  4.80387570e-05  4.44735820e-03  4.80387570e-05  7.62649348e-01  4.80387570e-05  1.18340594e+00  4.80387570e-05  1.18950625e+00                                 
 4.80508698e-05  8.12128456e-01  4.80508698e-05  7.59270913e-01  4.80508698e-05  1.07307962e+00  4.80508698e-05  1.80000000e+00  4.80508698e-05 -4.41897548e-03  4.80508698e-05  7.62559611e-01  4.80508698e-05  1.18320088e+00  4.80508698e-05  1.18947908e+00                                 
 4.80684539e-05  8.12136730e-01  4.80684539e-05  7.59288778e-01  4.80684539e-05  1.03398723e+00  4.80684539e-05  1.80000000e+00  4.80684539e-05  4.42733721e-03  4.80684539e-05  7.62654122e-01  4.80684539e-05  1.18340681e+00  4.80684539e-05  1.18942219e+00                                 
 4.81036221e-05  8.12127086e-01  4.81036221e-05  7.59270829e-01  4.81036221e-05  9.56581067e-01  4.81036221e-05  1.80000000e+00  4.81036221e-05 -4.40655970e-03  4.81036221e-05  7.62561822e-01  4.81036221e-05  1.18319963e+00  4.81036221e-05  1.18938377e+00                                 
 4.81739584e-05  8.12135982e-01  4.81739584e-05  7.59288769e-01  4.81739584e-05  8.27350240e-01  4.81739584e-05  1.80000000e+00  4.81739584e-05  4.42220777e-03  4.81739584e-05  7.62656207e-01  4.81739584e-05  1.18340494e+00  4.81739584e-05  1.18933212e+00                                 
 4.82394048e-05  8.12127050e-01  4.82394048e-05  7.59270845e-01  4.82394048e-05  7.71374049e-01  4.82394048e-05  1.80000000e+00  4.82394048e-05 -4.40097277e-03  4.82394048e-05  7.62564810e-01  4.82394048e-05  1.18319944e+00  4.82394048e-05  1.18933996e+00                                 
 4.83000884e-05  8.12135225e-01  4.83000884e-05  7.59288726e-01  4.83000884e-05  7.66060658e-01  4.83000884e-05  1.80000000e+00  4.83000884e-05  4.41861828e-03  4.83000884e-05  7.62656934e-01  4.83000884e-05  1.18340359e+00  4.83000884e-05  1.18932518e+00                                 
 4.83367705e-05  8.12127401e-01  4.83367705e-05  7.59270855e-01  4.83367705e-05  7.65921386e-01  4.83367705e-05  1.80000000e+00  4.83367705e-05 -4.39482834e-03  4.83367705e-05  7.62562856e-01  4.83367705e-05  1.18319636e+00  4.83367705e-05  1.18933741e+00                                 
 4.83896989e-05  8.12135259e-01  4.83896989e-05  7.59288738e-01  4.83896989e-05  7.66050774e-01  4.83896989e-05  1.80000000e+00  4.83896989e-05  4.41219008e-03  4.83896989e-05  7.62657260e-01  4.83896989e-05  1.18340242e+00  4.83896989e-05  1.18932305e+00                                 
 4.84955557e-05  8.12127380e-01  4.84955557e-05  7.59270847e-01  4.84955557e-05  7.65956747e-01  4.84955557e-05  1.80000000e+00  4.84955557e-05 -4.39081021e-03  4.84955557e-05  7.62562508e-01  4.84955557e-05  1.18319373e+00  4.84955557e-05  1.18933453e+00                                 
 4.86025020e-05  8.12135311e-01  4.86025020e-05  7.59288744e-01  4.86025020e-05  7.66038732e-01  4.86025020e-05  1.80000000e+00  4.86025020e-05  4.40958050e-03  4.86025020e-05  7.62657449e-01  4.86025020e-05  1.18339937e+00  4.86025020e-05  1.18931972e+00                                 
 4.88163947e-05  8.12127338e-01  4.88163947e-05  7.59270842e-01  4.88163947e-05  7.65964366e-01  4.88163947e-05  1.80000000e+00  4.88163947e-05 -4.38888522e-03  4.88163947e-05  7.62562369e-01  4.88163947e-05  1.18318882e+00  4.88163947e-05  1.18932973e+00                                 
 4.91396491e-05  8.12135337e-01  4.91396491e-05  7.59288748e-01  4.91396491e-05  7.66034957e-01  4.91396491e-05  1.80000000e+00  4.91396491e-05  4.40850148e-03  4.91396491e-05  7.62657527e-01  4.91396491e-05  1.18339135e+00  4.91396491e-05  1.18931166e+00                                 
 4.96500711e-05  8.12127321e-01  4.96500711e-05  7.59270840e-01  4.96500711e-05  7.65966621e-01  4.96500711e-05  1.80000000e+00  4.96500711e-05 -4.38825323e-03  4.96500711e-05  7.62562318e-01  4.96500711e-05  1.18317627e+00  4.96500711e-05  1.18931721e+00                                 
 5.05608941e-05  8.12135348e-01  5.05608941e-05  7.59288749e-01  5.05608941e-05  7.66033627e-01  5.05608941e-05  1.80000000e+00  5.05608941e-05  4.40807625e-03  5.05608941e-05  7.62657557e-01  5.05608941e-05  1.18337008e+00  5.05608941e-05  1.18929039e+00                                 
 5.17608941e-05  8.12127314e-01  5.17608941e-05  7.59270840e-01  5.17608941e-05  7.65967424e-01  5.17608941e-05  1.80000000e+00  5.17608941e-05 -4.38801341e-03  5.17608941e-05  7.62562300e-01  5.17608941e-05  1.18314467e+00  5.17608941e-05  1.18928566e+00                                 
 5.29608941e-05  8.12135354e-01  5.29608941e-05  7.59288749e-01  5.29608941e-05  7.66032937e-01  5.29608941e-05  1.80000000e+00  5.29608941e-05  4.40784741e-03  5.29608941e-05  7.62657573e-01  5.29608941e-05  1.18333415e+00  5.29608941e-05  1.18925448e+00                                 
 5.40010000e-05  8.12127308e-01  5.40010000e-05  7.59270839e-01  5.40010000e-05  7.65968140e-01  5.40010000e-05  1.80000000e+00  5.40010000e-05 -4.38779374e-03  5.40010000e-05  7.62562282e-01  5.40010000e-05  1.18311105e+00  5.40010000e-05  1.18925208e+00                                 
 5.40011000e-05  8.12096778e-01  5.40011000e-05  7.59046743e-01  5.40011000e-05  7.64020780e-01  5.40011000e-05  1.62000000e+00  5.40011000e-05 -4.09748048e-04  5.40011000e-05  7.60847688e-01  5.40011000e-05  1.18169989e+00  5.40011000e-05  1.18923568e+00                                 
 5.40013000e-05  8.12128158e-01  5.40013000e-05  7.59091019e-01  5.40013000e-05  7.64625124e-01  5.40013000e-05  1.26000000e+00  5.40013000e-05  3.05075462e-04  5.40013000e-05  7.61034027e-01  5.40013000e-05  1.18186994e+00  5.40013000e-05  1.18925132e+00                                 
 5.40017000e-05  8.12163638e-01  5.40017000e-05  7.59424872e-01  5.40017000e-05  7.67233433e-01  5.40017000e-05  5.40000000e-01  5.40017000e-05  8.26414809e-01  5.40017000e-05  7.63456679e-01  5.40017000e-05  1.18621630e+00  5.40017000e-05  1.18925986e+00                                 
 5.40020000e-05  8.12123282e-01  5.40020000e-05  7.58784109e-01  5.40020000e-05  7.81005601e-01  5.40020000e-05  0.00000000e+00  5.40020000e-05  1.75663436e+00  5.40020000e-05  7.56534485e-01  5.40020000e-05  1.10438833e+00  5.40020000e-05  1.18885908e+00                                 
 5.40020439e-05  8.12132218e-01  5.40020439e-05  7.58594772e-01  5.40020439e-05  7.82690514e-01  5.40020439e-05  0.00000000e+00  5.40020439e-05  1.78398377e+00  5.40020439e-05  7.54274636e-01  5.40020439e-05  1.07883486e+00  5.40020439e-05  1.18884321e+00                                 
 5.40021316e-05  8.12131652e-01  5.40021316e-05  7.58280013e-01  5.40021316e-05  7.83535186e-01  5.40021316e-05  0.00000000e+00  5.40021316e-05  1.80304099e+00  5.40021316e-05  7.50648046e-01  5.40021316e-05  1.02829389e+00  5.40021316e-05  1.18891167e+00                                 
 5.40023072e-05  8.12129845e-01  5.40023072e-05  7.58146222e-01  5.40023072e-05  7.81956399e-01  5.40023072e-05  0.00000000e+00  5.40023072e-05  1.79685314e+00  5.40023072e-05  7.49406217e-01  5.40023072e-05  9.43094968e-01  5.40023072e-05  1.18918486e+00                                 
 5.40026324e-05  8.12131211e-01  5.40026324e-05  7.58392939e-01  5.40026324e-05  7.77622655e-01  5.40026324e-05  0.00000000e+00  5.40026324e-05  1.80138648e+00  5.40026324e-05  7.52330258e-01  5.40026324e-05  8.37070791e-01  5.40026324e-05  1.18946799e+00                                 
 5.40030172e-05  8.12129629e-01  5.40030172e-05  7.58974874e-01  5.40030172e-05  7.70018987e-01  5.40030172e-05  0.00000000e+00  5.40030172e-05  1.79851368e+00  5.40030172e-05  7.58257707e-01  5.40030172e-05  7.82132429e-01  5.40030172e-05  1.18958693e+00                                 
 5.40034346e-05  8.12131603e-01  5.40034346e-05  7.59385327e-01  5.40034346e-05  7.67048873e-01  5.40034346e-05  0.00000000e+00  5.40034346e-05  1.80119784e+00  5.40034346e-05  7.61909034e-01  5.40034346e-05  7.69540034e-01  5.40034346e-05  1.18943650e+00                                 
 5.40039099e-05  8.12130126e-01  5.40039099e-05  7.59487100e-01  5.40039099e-05  7.66537366e-01  5.40039099e-05  0.00000000e+00  5.40039099e-05  1.79901942e+00  5.40039099e-05  7.62417009e-01  5.40039099e-05  7.66631706e-01  5.40039099e-05  1.18889191e+00                                 
 5.40043567e-05  8.12132019e-01  5.40043567e-05  7.59531077e-01  5.40043567e-05  7.66787854e-01  5.40043567e-05  0.00000000e+00  5.40043567e-05  1.80081858e+00  5.40043567e-05  7.62994046e-01  5.40043567e-05  7.66911330e-01  5.40043567e-05  1.18820060e+00                                 
 5.40052504e-05  8.12130460e-01  5.40052504e-05  7.59469934e-01  5.40052504e-05  7.67668022e-01  5.40052504e-05  0.00000000e+00  5.40052504e-05  1.79926627e+00  5.40052504e-05  7.62783344e-01  5.40052504e-05  7.67303208e-01  5.40052504e-05  1.18654174e+00                                 
 5.40069268e-05  8.12132219e-01  5.40069268e-05  7.59420704e-01  5.40069268e-05  7.69749808e-01  5.40069268e-05  0.00000000e+00  5.40069268e-05  1.80070851e+00  5.40069268e-05  7.63183736e-01  5.40069268e-05  7.69681743e-01  5.40069268e-05  1.18310599e+00                                 
 5.40102798e-05  8.12130488e-01  5.40102798e-05  7.59322349e-01  5.40102798e-05  7.74432307e-01  5.40102798e-05  0.00000000e+00  5.40102798e-05  1.79932113e+00  5.40102798e-05  7.62894110e-01  5.40102798e-05  7.73988037e-01  5.40102798e-05  1.17596897e+00                                 
 5.40169857e-05  8.12132177e-01  5.40169857e-05  7.59293724e-01  5.40169857e-05  7.84311336e-01  5.40169857e-05  0.00000000e+00  5.40169857e-05  1.80068266e+00  5.40169857e-05  7.63131673e-01  5.40169857e-05  7.84183718e-01  5.40169857e-05  1.16212475e+00                                 
 5.40303975e-05  8.12130484e-01  5.40303975e-05  7.59260541e-01  5.40303975e-05  8.03604531e-01  5.40303975e-05  0.00000000e+00  5.40303975e-05  1.79933360e+00  5.40303975e-05  7.62683062e-01  5.40303975e-05  8.03068657e-01  5.40303975e-05  1.13578608e+00                                 
 5.40572212e-05  8.12132179e-01  5.40572212e-05  7.59292710e-01  5.40572212e-05  8.39342112e-01  5.40572212e-05  0.00000000e+00  5.40572212e-05  1.80067535e+00  5.40572212e-05  7.62845667e-01  5.40572212e-05  8.39191074e-01  5.40572212e-05  1.08594729e+00                                 
 5.41108685e-05  8.12130486e-01  5.41108685e-05  7.59265836e-01  5.41108685e-05  9.00860423e-01  5.41108685e-05  0.00000000e+00  5.41108685e-05  1.79933487e+00  5.41108685e-05  7.62449985e-01  5.41108685e-05  8.99596051e-01  5.41108685e-05  1.00014777e+00                                 
 5.41861890e-05  8.12132179e-01  5.41861890e-05  7.59293495e-01  5.41861890e-05  9.68743858e-01  5.41861890e-05  0.00000000e+00  5.41861890e-05  1.80067121e+00  5.41861890e-05  7.62758758e-01  5.41861890e-05  9.68789018e-01  5.41861890e-05  9.57945991e-01                                 
 5.42651683e-05  8.12130486e-01  5.42651683e-05  7.59266287e-01  5.42651683e-05  1.02198880e+00  5.42651683e-05  0.00000000e+00  5.42651683e-05  1.79933402e+00  5.42651683e-05  7.62447304e-01  5.42651683e-05  1.02006001e+00  5.42651683e-05  9.95073125e-01                                 
 5.43457859e-05  8.12132179e-01  5.43457859e-05  7.59293188e-01  5.43457859e-05  1.06237448e+00  5.43457859e-05  0.00000000e+00  5.43457859e-05  1.80066846e+00  5.43457859e-05  7.62765214e-01  5.43457859e-05  1.06272478e+00  5.43457859e-05  1.04166839e+00                                 
 5.44397731e-05  8.12130486e-01  5.44397731e-05  7.59266485e-01  5.44397731e-05  1.09671310e+00  5.44397731e-05  0.00000000e+00  5.44397731e-05  1.79933413e+00  5.44397731e-05  7.62447136e-01  5.44397731e-05  1.09577100e+00  5.44397731e-05  1.08382102e+00                                 
 5.46277475e-05  8.12132179e-01  5.46277475e-05  7.59293078e-01  5.46277475e-05  1.13949420e+00  5.46277475e-05  0.00000000e+00  5.46277475e-05  1.80066676e+00  5.46277475e-05  7.62769188e-01  5.46277475e-05  1.13989304e+00  5.46277475e-05  1.13636826e+00                                 
 5.48838846e-05  8.12130486e-01  5.48838846e-05  7.59266531e-01  5.48838846e-05  1.16648405e+00  5.48838846e-05  0.00000000e+00  5.48838846e-05  1.79933390e+00  5.48838846e-05  7.62448642e-01  5.48838846e-05  1.16600739e+00  5.48838846e-05  1.16901524e+00                                 
 5.51916168e-05  8.12132179e-01  5.51916168e-05  7.59293138e-01  5.51916168e-05  1.17820993e+00  5.51916168e-05  0.00000000e+00  5.51916168e-05  1.80066822e+00  5.51916168e-05  7.62771412e-01  5.51916168e-05  1.17844033e+00  5.51916168e-05  1.18312880e+00                                 
 5.55820200e-05  8.12130486e-01  5.55820200e-05  7.59266559e-01  5.55820200e-05  1.18245473e+00  5.55820200e-05  0.00000000e+00  5.55820200e-05  1.79933407e+00  5.55820200e-05  7.62448974e-01  5.55820200e-05  1.18204648e+00  5.55820200e-05  1.18820601e+00                                 
 5.61239356e-05  8.12132180e-01  5.61239356e-05  7.59293134e-01  5.61239356e-05  1.18356387e+00  5.61239356e-05  0.00000000e+00  5.61239356e-05  1.80066837e+00  5.61239356e-05  7.62771780e-01  5.61239356e-05  1.18392399e+00  5.61239356e-05  1.18959329e+00                                 
 5.69922699e-05  8.12130486e-01  5.69922699e-05  7.59266573e-01  5.69922699e-05  1.18363074e+00  5.69922699e-05  0.00000000e+00  5.69922699e-05  1.79933421e+00  5.69922699e-05  7.62448965e-01  5.69922699e-05  1.18322858e+00  5.69922699e-05  1.18960704e+00                                 
 5.81922699e-05  8.12132179e-01  5.81922699e-05  7.59293123e-01  5.81922699e-05  1.18363428e+00  5.81922699e-05  0.00000000e+00  5.81922699e-05  1.80066826e+00  5.81922699e-05  7.62771811e-01  5.81922699e-05  1.18402760e+00  5.81922699e-05  1.18970888e+00                                 
 5.93922699e-05  8.12130486e-01  5.93922699e-05  7.59266582e-01  5.93922699e-05  1.18363965e+00  5.93922699e-05  0.00000000e+00  5.93922699e-05  1.79933429e+00  5.93922699e-05  7.62448941e-01  5.93922699e-05  1.18323849e+00  5.93922699e-05  1.18961651e+00                                 
 6.00000000e-05  8.12132179e-01  6.00000000e-05  7.59293044e-01  6.00000000e-05  1.18361435e+00  6.00000000e-05  0.00000000e+00  6.00000000e-05  1.80066647e+00  6.00000000e-05  7.62771295e-01  6.00000000e-05  1.18401185e+00  6.00000000e-05  1.18969641e+00                                 
 6.00001000e-05  8.12154253e-01  6.00001000e-05  7.59447896e-01  6.00001000e-05  1.18515387e+00  6.00001000e-05  1.80000000e-01  6.00001000e-05  1.80029359e+00  6.00001000e-05  7.64092900e-01  6.00001000e-05  1.18513821e+00  6.00001000e-05  1.18969816e+00                                 
 6.00003000e-05  8.12137863e-01  6.00003000e-05  7.59479370e-01  6.00003000e-05  1.18472899e+00  6.00003000e-05  5.40000000e-01  6.00003000e-05  1.79988307e+00  6.00003000e-05  7.64484372e-01  6.00003000e-05  1.18536464e+00  6.00003000e-05  1.18968120e+00                                 
 6.00006369e-05  8.12076358e-01  6.00006369e-05  7.59129244e-01  6.00006369e-05  1.18275770e+00  6.00006369e-05  1.14645728e+00  6.00006369e-05  1.81360684e+00  6.00006369e-05  7.62288381e-01  6.00006369e-05  1.19068879e+00  6.00006369e-05  1.18970588e+00                                 
 6.00010000e-05  8.12273295e-01  6.00010000e-05  7.59162272e-01  6.00010000e-05  1.17490198e+00  6.00010000e-05  1.80000000e+00  6.00010000e-05  7.19124831e-02  6.00010000e-05  7.60157774e-01  6.00010000e-05  1.18204022e+00  6.00010000e-05  1.18961251e+00                                 
 6.00010398e-05  8.12273374e-01  6.00010398e-05  7.59202956e-01  6.00010398e-05  1.17485725e+00  6.00010398e-05  1.80000000e+00  6.00010398e-05  1.27866207e-02  6.00010398e-05  7.61404053e-01  6.00010398e-05  1.18238207e+00  6.00010398e-05  1.18965235e+00                                 
 6.00011194e-05  8.12323459e-01  6.00011194e-05  7.59317106e-01  6.00011194e-05  1.17491299e+00  6.00011194e-05  1.80000000e+00  6.00011194e-05 -7.56622986e-03  6.00011194e-05  7.63144039e-01  6.00011194e-05  1.18369978e+00  6.00011194e-05  1.18968711e+00                                 
 6.00012785e-05  8.12374774e-01  6.00012785e-05  7.59290393e-01  6.00012785e-05  1.17381530e+00  6.00012785e-05  1.80000000e+00  6.00012785e-05  6.34728023e-03  6.00012785e-05  7.62595075e-01  6.00012785e-05  1.18340204e+00  6.00012785e-05  1.18966155e+00                                 
 6.00015829e-05  8.12347694e-01  6.00015829e-05  7.59283759e-01  6.00015829e-05  1.17364188e+00  6.00015829e-05  1.80000000e+00  6.00015829e-05 -5.55306764e-03  6.00015829e-05  7.62734915e-01  6.00015829e-05  1.18335738e+00  6.00015829e-05  1.18969691e+00                                 
 6.00019717e-05  8.12304506e-01  6.00019717e-05  7.59288287e-01  6.00019717e-05  1.17328684e+00  6.00019717e-05  1.80000000e+00  6.00019717e-05  5.15047018e-03  6.00019717e-05  7.62644903e-01  6.00019717e-05  1.18342520e+00  6.00019717e-05  1.18968141e+00                                 
 6.00026038e-05  8.12204936e-01  6.00026038e-05  7.59271436e-01  6.00026038e-05  1.17283852e+00  6.00026038e-05  1.80000000e+00  6.00026038e-05 -4.86981135e-03  6.00026038e-05  7.62623244e-01  6.00026038e-05  1.18326382e+00  6.00026038e-05  1.18970344e+00                                 
 6.00034506e-05  8.12150569e-01  6.00034506e-05  7.59285833e-01  6.00034506e-05  1.17177293e+00  6.00034506e-05  1.80000000e+00  6.00034506e-05  4.68527210e-03  6.00034506e-05  7.62660287e-01  6.00034506e-05  1.18342865e+00  6.00034506e-05  1.18968655e+00                                 
 6.00049801e-05  8.12099768e-01  6.00049801e-05  7.59269530e-01  6.00049801e-05  1.16937048e+00  6.00049801e-05  1.80000000e+00  6.00049801e-05 -4.58389933e-03  6.00049801e-05  7.62588057e-01  6.00049801e-05  1.18323336e+00  6.00049801e-05  1.18969689e+00                                 
 6.00072603e-05  8.12108385e-01  6.00072603e-05  7.59287000e-01  6.00072603e-05  1.16530981e+00  6.00072603e-05  1.80000000e+00  6.00072603e-05  4.52431186e-03  6.00072603e-05  7.62655824e-01  6.00072603e-05  1.18341955e+00  6.00072603e-05  1.18967065e+00                                 
 6.00118207e-05  8.12099250e-01  6.00118207e-05  7.59270155e-01  6.00118207e-05  1.15697577e+00  6.00118207e-05  1.80000000e+00  6.00118207e-05 -4.48140217e-03  6.00118207e-05  7.62563178e-01  6.00118207e-05  1.18321022e+00  6.00118207e-05  1.18965688e+00                                 
 6.00204497e-05  8.12125321e-01  6.00204497e-05  7.59288574e-01  6.00204497e-05  1.14030360e+00  6.00204497e-05  1.80000000e+00  6.00204497e-05  4.47879648e-03  6.00204497e-05  7.62644420e-01  6.00204497e-05  1.18340563e+00  6.00204497e-05  1.18959116e+00                                 
 6.00289139e-05  8.12126213e-01  6.00289139e-05  7.59270997e-01  6.00289139e-05  1.12203214e+00  6.00289139e-05  1.80000000e+00  6.00289139e-05 -4.44560458e-03  6.00289139e-05  7.62557704e-01  6.00289139e-05  1.18320216e+00  6.00289139e-05  1.18956165e+00                                 
 6.00387570e-05  8.12137284e-01  6.00387570e-05  7.59288764e-01  6.00387570e-05  1.10025265e+00  6.00387570e-05  1.80000000e+00  6.00387570e-05  4.44735824e-03  6.00387570e-05  7.62649348e-01  6.00387570e-05  1.18340611e+00  6.00387570e-05  1.18950642e+00                                 
 6.00508698e-05  8.12128455e-01  6.00508698e-05  7.59270913e-01  6.00508698e-05  1.07307982e+00  6.00508698e-05  1.80000000e+00  6.00508698e-05 -4.41897551e-03  6.00508698e-05  7.62559611e-01  6.00508698e-05  1.18320105e+00  6.00508698e-05  1.18947924e+00                                 
 6.00684539e-05  8.12136730e-01  6.00684539e-05  7.59288778e-01  6.00684539e-05  1.03398745e+00  6.00684539e-05  1.80000000e+00  6.00684539e-05  4.42733724e-03  6.00684539e-05  7.62654122e-01  6.00684539e-05  1.18340698e+00  6.00684539e-05  1.18942235e+00                                 
 6.01036220e-05  8.12127086e-01  6.01036220e-05  7.59270829e-01  6.01036220e-05  9.56581295e-01  6.01036220e-05  1.80000000e+00  6.01036220e-05 -4.40655973e-03  6.01036220e-05  7.62561822e-01  6.01036220e-05  1.18319980e+00  6.01036220e-05  1.18938394e+00                                 
 6.01739583e-05  8.12135982e-01  6.01739583e-05  7.59288770e-01  6.01739583e-05  8.27350407e-01  6.01739583e-05  1.80000000e+00  6.01739583e-05  4.42220780e-03  6.01739583e-05  7.62656208e-01  6.01739583e-05  1.18340511e+00  6.01739583e-05  1.18933229e+00                                 
 6.02394048e-05  8.12127050e-01  6.02394048e-05  7.59270845e-01  6.02394048e-05  7.71374073e-01  6.02394048e-05  1.80000000e+00  6.02394048e-05 -4.40097280e-03  6.02394048e-05  7.62564811e-01  6.02394048e-05  1.18319961e+00  6.02394048e-05  1.18934012e+00                                 
 6.03000884e-05  8.12135225e-01  6.03000884e-05  7.59288725e-01  6.03000884e-05  7.66060658e-01  6.03000884e-05  1.80000000e+00  6.03000884e-05  4.41861831e-03  6.03000884e-05  7.62656934e-01  6.03000884e-05  1.18340375e+00  6.03000884e-05  1.18932534e+00                                 
 6.03367705e-05  8.12127401e-01  6.03367705e-05  7.59270855e-01  6.03367705e-05  7.65921386e-01  6.03367705e-05  1.80000000e+00  6.03367705e-05 -4.39482836e-03  6.03367705e-05  7.62562856e-01  6.03367705e-05  1.18319653e+00  6.03367705e-05  1.18933758e+00                                 
 6.03896989e-05  8.12135259e-01  6.03896989e-05  7.59288738e-01  6.03896989e-05  7.66050774e-01  6.03896989e-05  1.80000000e+00  6.03896989e-05  4.41219010e-03  6.03896989e-05  7.62657260e-01  6.03896989e-05  1.18340259e+00  6.03896989e-05  1.18932322e+00                                 
 6.04955557e-05  8.12127381e-01  6.04955557e-05  7.59270847e-01  6.04955557e-05  7.65956747e-01  6.04955557e-05  1.80000000e+00  6.04955557e-05 -4.39081024e-03  6.04955557e-05  7.62562509e-01  6.04955557e-05  1.18319389e+00  6.04955557e-05  1.18933469e+00                                 
 6.06025017e-05  8.12135312e-01  6.06025017e-05  7.59288745e-01  6.06025017e-05  7.66038733e-01  6.06025017e-05  1.80000000e+00  6.06025017e-05  4.40958053e-03  6.06025017e-05  7.62657450e-01  6.06025017e-05  1.18339953e+00  6.06025017e-05  1.18931988e+00                                 
 6.08163938e-05  8.12127338e-01  6.08163938e-05  7.59270842e-01  6.08163938e-05  7.65964367e-01  6.08163938e-05  1.80000000e+00  6.08163938e-05 -4.38888524e-03  6.08163938e-05  7.62562369e-01  6.08163938e-05  1.18318899e+00  6.08163938e-05  1.18932989e+00                                 
 6.11396473e-05  8.12135337e-01  6.11396473e-05  7.59288747e-01  6.11396473e-05  7.66034956e-01  6.11396473e-05  1.80000000e+00  6.11396473e-05  4.40850150e-03  6.11396473e-05  7.62657527e-01  6.11396473e-05  1.18339153e+00  6.11396473e-05  1.18931184e+00                                 
 6.16500672e-05  8.12127321e-01  6.16500672e-05  7.59270841e-01  6.16500672e-05  7.65966621e-01  6.16500672e-05  1.80000000e+00  6.16500672e-05 -4.38825325e-03  6.16500672e-05  7.62562318e-01  6.16500672e-05  1.18317644e+00  6.16500672e-05  1.18931739e+00                                 
 6.25608865e-05  8.12135347e-01  6.25608865e-05  7.59288748e-01  6.25608865e-05  7.66033627e-01  6.25608865e-05  1.80000000e+00  6.25608865e-05  4.40807627e-03  6.25608865e-05  7.62657557e-01  6.25608865e-05  1.18337025e+00  6.25608865e-05  1.18929056e+00                                 
 6.37608865e-05  8.12127314e-01  6.37608865e-05  7.59270839e-01  6.37608865e-05  7.65967423e-01  6.37608865e-05  1.80000000e+00  6.37608865e-05 -4.38801343e-03  6.37608865e-05  7.62562299e-01  6.37608865e-05  1.18314487e+00  6.37608865e-05  1.18928585e+00                                 
 6.49608865e-05  8.12135353e-01  6.49608865e-05  7.59288749e-01  6.49608865e-05  7.66032937e-01  6.49608865e-05  1.80000000e+00  6.49608865e-05  4.40784743e-03  6.49608865e-05  7.62657574e-01  6.49608865e-05  1.18333437e+00  6.49608865e-05  1.18925471e+00                                 
 6.60010000e-05  8.12127308e-01  6.60010000e-05  7.59270839e-01  6.60010000e-05  7.65968139e-01  6.60010000e-05  1.80000000e+00  6.60010000e-05 -4.38779376e-03  6.60010000e-05  7.62562281e-01  6.60010000e-05  1.18311130e+00  6.60010000e-05  1.18925233e+00                                 
 6.60011000e-05  8.12096779e-01  6.60011000e-05  7.59046743e-01  6.60011000e-05  7.64020780e-01  6.60011000e-05  1.62000000e+00  6.60011000e-05 -4.09748052e-04  6.60011000e-05  7.60847688e-01  6.60011000e-05  1.18170015e+00  6.60011000e-05  1.18923594e+00                                 
 6.60013000e-05  8.12128159e-01  6.60013000e-05  7.59091019e-01  6.60013000e-05  7.64625123e-01  6.60013000e-05  1.26000000e+00  6.60013000e-05  3.05075465e-04  6.60013000e-05  7.61034027e-01  6.60013000e-05  1.18187020e+00  6.60013000e-05  1.18925158e+00                                 
 6.60017000e-05  8.12163638e-01  6.60017000e-05  7.59424872e-01  6.60017000e-05  7.67233432e-01  6.60017000e-05  5.40000000e-01  6.60017000e-05  8.26414787e-01  6.60017000e-05  7.63456680e-01  6.60017000e-05  1.18621657e+00  6.60017000e-05  1.18926012e+00                                 
 6.60020000e-05  8.12123282e-01  6.60020000e-05  7.58784109e-01  6.60020000e-05  7.81005611e-01  6.60020000e-05  0.00000000e+00  6.60020000e-05  1.75663435e+00  6.60020000e-05  7.56534475e-01  6.60020000e-05  1.10438854e+00  6.60020000e-05  1.18885933e+00                                 
 6.60020439e-05  8.12132218e-01  6.60020439e-05  7.58594772e-01  6.60020439e-05  7.82690524e-01  6.60020439e-05  0.00000000e+00  6.60020439e-05  1.78398377e+00  6.60020439e-05  7.54274626e-01  6.60020439e-05  1.07883505e+00  6.60020439e-05  1.18884346e+00                                 
 6.60021316e-05  8.12131652e-01  6.60021316e-05  7.58280012e-01  6.60021316e-05  7.83535195e-01  6.60021316e-05  0.00000000e+00  6.60021316e-05  1.80304099e+00  6.60021316e-05  7.50648037e-01  6.60021316e-05  1.02829406e+00  6.60021316e-05  1.18891193e+00                                 
 6.60023072e-05  8.12129845e-01  6.60023072e-05  7.58146222e-01  6.60023072e-05  7.81956405e-01  6.60023072e-05  0.00000000e+00  6.60023072e-05  1.79685314e+00  6.60023072e-05  7.49406210e-01  6.60023072e-05  9.43095111e-01  6.60023072e-05  1.18918511e+00                                 
 6.60026324e-05  8.12131211e-01  6.60026324e-05  7.58392938e-01  6.60026324e-05  7.77622663e-01  6.60026324e-05  0.00000000e+00  6.60026324e-05  1.80138648e+00  6.60026324e-05  7.52330251e-01  6.60026324e-05  8.37070867e-01  6.60026324e-05  1.18946825e+00                                 
 6.60030172e-05  8.12129629e-01  6.60030172e-05  7.58974874e-01  6.60030172e-05  7.70018989e-01  6.60030172e-05  0.00000000e+00  6.60030172e-05  1.79851368e+00  6.60030172e-05  7.58257704e-01  6.60030172e-05  7.82132439e-01  6.60030172e-05  1.18958719e+00                                 
 6.60034346e-05  8.12131603e-01  6.60034346e-05  7.59385328e-01  6.60034346e-05  7.67048873e-01  6.60034346e-05  0.00000000e+00  6.60034346e-05  1.80119784e+00  6.60034346e-05  7.61909033e-01  6.60034346e-05  7.69540036e-01  6.60034346e-05  1.18943675e+00                                 
 6.60039099e-05  8.12130126e-01  6.60039099e-05  7.59487100e-01  6.60039099e-05  7.66537366e-01  6.60039099e-05  0.00000000e+00  6.60039099e-05  1.79901942e+00  6.60039099e-05  7.62417009e-01  6.60039099e-05  7.66631705e-01  6.60039099e-05  1.18889216e+00                                 
 6.60043567e-05  8.12132020e-01  6.60043567e-05  7.59531077e-01  6.60043567e-05  7.66787853e-01  6.60043567e-05  0.00000000e+00  6.60043567e-05  1.80081858e+00  6.60043567e-05  7.62994046e-01  6.60043567e-05  7.66911330e-01  6.60043567e-05  1.18820086e+00                                 
 6.60052504e-05  8.12130461e-01  6.60052504e-05  7.59469935e-01  6.60052504e-05  7.67668022e-01  6.60052504e-05  0.00000000e+00  6.60052504e-05  1.79926627e+00  6.60052504e-05  7.62783344e-01  6.60052504e-05  7.67303207e-01  6.60052504e-05  1.18654200e+00                                 
 6.60069268e-05  8.12132219e-01  6.60069268e-05  7.59420704e-01  6.60069268e-05  7.69749806e-01  6.60069268e-05  0.00000000e+00  6.60069268e-05  1.80070851e+00  6.60069268e-05  7.63183736e-01  6.60069268e-05  7.69681742e-01  6.60069268e-05  1.18310624e+00                                 
 6.60102798e-05  8.12130489e-01  6.60102798e-05  7.59322349e-01  6.60102798e-05  7.74432304e-01  6.60102798e-05  0.00000000e+00  6.60102798e-05  1.79932113e+00  6.60102798e-05  7.62894110e-01  6.60102798e-05  7.73988033e-01  6.60102798e-05  1.17596923e+00                                 
 6.60169857e-05  8.12132177e-01  6.60169857e-05  7.59293724e-01  6.60169857e-05  7.84311329e-01  6.60169857e-05  0.00000000e+00  6.60169857e-05  1.80068266e+00  6.60169857e-05  7.63131674e-01  6.60169857e-05  7.84183711e-01  6.60169857e-05  1.16212501e+00                                 
 6.60303975e-05  8.12130484e-01  6.60303975e-05  7.59260541e-01  6.60303975e-05  8.03604517e-01  6.60303975e-05  0.00000000e+00  6.60303975e-05  1.79933360e+00  6.60303975e-05  7.62683062e-01  6.60303975e-05  8.03068644e-01  6.60303975e-05  1.13578635e+00                                 
 6.60572212e-05  8.12132179e-01  6.60572212e-05  7.59292710e-01  6.60572212e-05  8.39342088e-01  6.60572212e-05  0.00000000e+00  6.60572212e-05  1.80067535e+00  6.60572212e-05  7.62845667e-01  6.60572212e-05  8.39191050e-01  6.60572212e-05  1.08594757e+00                                 
 6.61108685e-05  8.12130486e-01  6.61108685e-05  7.59265836e-01  6.61108685e-05  9.00860383e-01  6.61108685e-05  0.00000000e+00  6.61108685e-05  1.79933487e+00  6.61108685e-05  7.62449985e-01  6.61108685e-05  8.99596011e-01  6.61108685e-05  1.00014803e+00                                 
 6.61861889e-05  8.12132179e-01  6.61861889e-05  7.59293495e-01  6.61861889e-05  9.68743822e-01  6.61861889e-05  0.00000000e+00  6.61861889e-05  1.80067121e+00  6.61861889e-05  7.62758759e-01  6.61861889e-05  9.68788984e-01  6.61861889e-05  9.57946081e-01                                 
 6.62651683e-05  8.12130486e-01  6.62651683e-05  7.59266287e-01  6.62651683e-05  1.02198879e+00  6.62651683e-05  0.00000000e+00  6.62651683e-05  1.79933402e+00  6.62651683e-05  7.62447304e-01  6.62651683e-05  1.02006000e+00  6.62651683e-05  9.95073119e-01                                 
 6.63457859e-05  8.12132179e-01  6.63457859e-05  7.59293188e-01  6.63457859e-05  1.06237447e+00  6.63457859e-05  0.00000000e+00  6.63457859e-05  1.80066846e+00  6.63457859e-05  7.62765214e-01  6.63457859e-05  1.06272477e+00  6.63457859e-05  1.04166838e+00                                 
 6.64397731e-05  8.12130486e-01  6.64397731e-05  7.59266485e-01  6.64397731e-05  1.09671310e+00  6.64397731e-05  0.00000000e+00  6.64397731e-05  1.79933413e+00  6.64397731e-05  7.62447135e-01  6.64397731e-05  1.09577100e+00  6.64397731e-05  1.08382102e+00                                 
 6.66277475e-05  8.12132179e-01  6.66277475e-05  7.59293078e-01  6.66277475e-05  1.13949421e+00  6.66277475e-05  0.00000000e+00  6.66277475e-05  1.80066676e+00  6.66277475e-05  7.62769189e-01  6.66277475e-05  1.13989305e+00  6.66277475e-05  1.13636827e+00                                 
 6.68838845e-05  8.12130486e-01  6.68838845e-05  7.59266531e-01  6.68838845e-05  1.16648404e+00  6.68838845e-05  0.00000000e+00  6.68838845e-05  1.79933390e+00  6.68838845e-05  7.62448642e-01  6.68838845e-05  1.16600739e+00  6.68838845e-05  1.16901524e+00                                 
 6.71916168e-05  8.12132179e-01  6.71916168e-05  7.59293138e-01  6.71916168e-05  1.17820992e+00  6.71916168e-05  0.00000000e+00  6.71916168e-05  1.80066822e+00  6.71916168e-05  7.62771411e-01  6.71916168e-05  1.17844032e+00  6.71916168e-05  1.18312880e+00                                 
 6.75820201e-05  8.12130486e-01  6.75820201e-05  7.59266559e-01  6.75820201e-05  1.18245471e+00  6.75820201e-05  0.00000000e+00  6.75820201e-05  1.79933407e+00  6.75820201e-05  7.62448975e-01  6.75820201e-05  1.18204647e+00  6.75820201e-05  1.18820600e+00                                 
 6.81239358e-05  8.12132179e-01  6.81239358e-05  7.59293134e-01  6.81239358e-05  1.18356385e+00  6.81239358e-05  0.00000000e+00  6.81239358e-05  1.80066837e+00  6.81239358e-05  7.62771780e-01  6.81239358e-05  1.18392398e+00  6.81239358e-05  1.18959327e+00                                 
 6.89922690e-05  8.12130486e-01  6.89922690e-05  7.59266574e-01  6.89922690e-05  1.18363074e+00  6.89922690e-05  0.00000000e+00  6.89922690e-05  1.79933421e+00  6.89922690e-05  7.62448965e-01  6.89922690e-05  1.18322858e+00  6.89922690e-05  1.18960704e+00                                 
 7.01922690e-05  8.12132179e-01  7.01922690e-05  7.59293123e-01  7.01922690e-05  1.18363431e+00  7.01922690e-05  0.00000000e+00  7.01922690e-05  1.80066826e+00  7.01922690e-05  7.62771811e-01  7.01922690e-05  1.18402763e+00  7.01922690e-05  1.18970891e+00                                 
 7.13922690e-05  8.12130486e-01  7.13922690e-05  7.59266581e-01  7.13922690e-05  1.18363970e+00  7.13922690e-05  0.00000000e+00  7.13922690e-05  1.79933429e+00  7.13922690e-05  7.62448941e-01  7.13922690e-05  1.18323853e+00  7.13922690e-05  1.18961656e+00                                 
 7.20000000e-05  8.12132179e-01  7.20000000e-05  7.59293043e-01  7.20000000e-05  1.18361441e+00  7.20000000e-05  0.00000000e+00  7.20000000e-05  1.80066647e+00  7.20000000e-05  7.62771295e-01  7.20000000e-05  1.18401191e+00  7.20000000e-05  1.18969646e+00                                 
 7.20001000e-05  8.12154253e-01  7.20001000e-05  7.59447895e-01  7.20001000e-05  1.18515393e+00  7.20001000e-05  1.80000000e-01  7.20001000e-05  1.80029359e+00  7.20001000e-05  7.64092899e-01  7.20001000e-05  1.18513826e+00  7.20001000e-05  1.18969822e+00                                 
 7.20003000e-05  8.12137862e-01  7.20003000e-05  7.59479370e-01  7.20003000e-05  1.18472904e+00  7.20003000e-05  5.40000000e-01  7.20003000e-05  1.79988307e+00  7.20003000e-05  7.64484371e-01  7.20003000e-05  1.18536470e+00  7.20003000e-05  1.18968125e+00                                 
 7.20006369e-05  8.12076357e-01  7.20006369e-05  7.59129243e-01  7.20006369e-05  1.18275776e+00  7.20006369e-05  1.14645729e+00  7.20006369e-05  1.81360682e+00  7.20006369e-05  7.62288381e-01  7.20006369e-05  1.19068885e+00  7.20006369e-05  1.18970594e+00                                 
 7.20010000e-05  8.12273295e-01  7.20010000e-05  7.59162272e-01  7.20010000e-05  1.17490203e+00  7.20010000e-05  1.80000000e+00  7.20010000e-05  7.19124813e-02  7.20010000e-05  7.60157773e-01  7.20010000e-05  1.18204027e+00  7.20010000e-05  1.18961256e+00                                 
 7.20010398e-05  8.12273373e-01  7.20010398e-05  7.59202955e-01  7.20010398e-05  1.17485730e+00  7.20010398e-05  1.80000000e+00  7.20010398e-05  1.27866202e-02  7.20010398e-05  7.61404052e-01  7.20010398e-05  1.18238213e+00  7.20010398e-05  1.18965240e+00                                 
 7.20011194e-05  8.12323458e-01  7.20011194e-05  7.59317105e-01  7.20011194e-05  1.17491304e+00  7.20011194e-05  1.80000000e+00  7.20011194e-05 -7.56622965e-03  7.20011194e-05  7.63144039e-01  7.20011194e-05  1.18369983e+00  7.20011194e-05  1.18968716e+00                                 
 7.20012785e-05  8.12374773e-01  7.20012785e-05  7.59290392e-01  7.20012785e-05  1.17381535e+00  7.20012785e-05  1.80000000e+00  7.20012785e-05  6.34728011e-03  7.20012785e-05  7.62595075e-01  7.20012785e-05  1.18340210e+00  7.20012785e-05  1.18966160e+00                                 
 7.20015829e-05  8.12347693e-01  7.20015829e-05  7.59283758e-01  7.20015829e-05  1.17364193e+00  7.20015829e-05  1.80000000e+00  7.20015829e-05 -5.55306752e-03  7.20015829e-05  7.62734915e-01  7.20015829e-05  1.18335743e+00  7.20015829e-05  1.18969697e+00                                 
 7.20019717e-05  8.12304505e-01  7.20019717e-05  7.59288286e-01  7.20019717e-05  1.17328689e+00  7.20019717e-05  1.80000000e+00  7.20019717e-05  5.15047011e-03  7.20019717e-05  7.62644903e-01  7.20019717e-05  1.18342525e+00  7.20019717e-05  1.18968147e+00                                 
 7.20026038e-05  8.12204935e-01  7.20026038e-05  7.59271435e-01  7.20026038e-05  1.17283857e+00  7.20026038e-05  1.80000000e+00  7.20026038e-05 -4.86981129e-03  7.20026038e-05  7.62623244e-01  7.20026038e-05  1.18326388e+00  7.20026038e-05  1.18970349e+00                                 
 7.20034506e-05  8.12150568e-01  7.20034506e-05  7.59285833e-01  7.20034506e-05  1.17177299e+00  7.20034506e-05  1.80000000e+00  7.20034506e-05  4.68527203e-03  7.20034506e-05  7.62660287e-01  7.20034506e-05  1.18342871e+00  7.20034506e-05  1.18968660e+00                                 
 7.20049801e-05  8.12099767e-01  7.20049801e-05  7.59269529e-01  7.20049801e-05  1.16937053e+00  7.20049801e-05  1.80000000e+00  7.20049801e-05 -4.58389926e-03  7.20049801e-05  7.62588056e-01  7.20049801e-05  1.18323342e+00  7.20049801e-05  1.18969694e+00                                 
 7.20072603e-05  8.12108384e-01  7.20072603e-05  7.59287000e-01  7.20072603e-05  1.16530986e+00  7.20072603e-05  1.80000000e+00  7.20072603e-05  4.52431177e-03  7.20072603e-05  7.62655824e-01  7.20072603e-05  1.18341960e+00  7.20072603e-05  1.18967071e+00                                 
 7.20118207e-05  8.12099249e-01  7.20118207e-05  7.59270155e-01  7.20118207e-05  1.15697583e+00  7.20118207e-05  1.80000000e+00  7.20118207e-05 -4.48140207e-03  7.20118207e-05  7.62563177e-01  7.20118207e-05  1.18321028e+00  7.20118207e-05  1.18965693e+00                                 
 7.20204497e-05  8.12125320e-01  7.20204497e-05  7.59288574e-01  7.20204497e-05  1.14030366e+00  7.20204497e-05  1.80000000e+00  7.20204497e-05  4.47879638e-03  7.20204497e-05  7.62644419e-01  7.20204497e-05  1.18340569e+00  7.20204497e-05  1.18959121e+00                                 
 7.20289139e-05  8.12126213e-01  7.20289139e-05  7.59270997e-01  7.20289139e-05  1.12203220e+00  7.20289139e-05  1.80000000e+00  7.20289139e-05 -4.44560448e-03  7.20289139e-05  7.62557703e-01  7.20289139e-05  1.18320222e+00  7.20289139e-05  1.18956171e+00                                 
 7.20387570e-05  8.12137283e-01  7.20387570e-05  7.59288764e-01  7.20387570e-05  1.10025271e+00  7.20387570e-05  1.80000000e+00  7.20387570e-05  4.44735814e-03  7.20387570e-05  7.62649348e-01  7.20387570e-05  1.18340616e+00  7.20387570e-05  1.18950647e+00                                 
 7.20508698e-05  8.12128455e-01  7.20508698e-05  7.59270913e-01  7.20508698e-05  1.07307989e+00  7.20508698e-05  1.80000000e+00  7.20508698e-05 -4.41897541e-03  7.20508698e-05  7.62559611e-01  7.20508698e-05  1.18320111e+00  7.20508698e-05  1.18947930e+00                                 
 7.20684539e-05  8.12136730e-01  7.20684539e-05  7.59288778e-01  7.20684539e-05  1.03398751e+00  7.20684539e-05  1.80000000e+00  7.20684539e-05  4.42733713e-03  7.20684539e-05  7.62654122e-01  7.20684539e-05  1.18340704e+00  7.20684539e-05  1.18942241e+00                                 
 7.21036220e-05  8.12127086e-01  7.21036220e-05  7.59270829e-01  7.21036220e-05  9.56581363e-01  7.21036220e-05  1.80000000e+00  7.21036220e-05 -4.40655962e-03  7.21036220e-05  7.62561822e-01  7.21036220e-05  1.18319986e+00  7.21036220e-05  1.18938400e+00                                 
 7.21739583e-05  8.12135982e-01  7.21739583e-05  7.59288769e-01  7.21739583e-05  8.27350454e-01  7.21739583e-05  1.80000000e+00  7.21739583e-05  4.42220770e-03  7.21739583e-05  7.62656208e-01  7.21739583e-05  1.18340517e+00  7.21739583e-05  1.18933235e+00                                 
 7.22394048e-05  8.12127050e-01  7.22394048e-05  7.59270845e-01  7.22394048e-05  7.71374079e-01  7.22394048e-05  1.80000000e+00  7.22394048e-05 -4.40097270e-03  7.22394048e-05  7.62564810e-01  7.22394048e-05  1.18319967e+00  7.22394048e-05  1.18934019e+00                                 
 7.23000884e-05  8.12135225e-01  7.23000884e-05  7.59288726e-01  7.23000884e-05  7.66060657e-01  7.23000884e-05  1.80000000e+00  7.23000884e-05  4.41861821e-03  7.23000884e-05  7.62656934e-01  7.23000884e-05  1.18340382e+00  7.23000884e-05  1.18932541e+00                                 
 7.23367704e-05  8.12127401e-01  7.23367704e-05  7.59270855e-01  7.23367704e-05  7.65921385e-01  7.23367704e-05  1.80000000e+00  7.23367704e-05 -4.39482826e-03  7.23367704e-05  7.62562856e-01  7.23367704e-05  1.18319660e+00  7.23367704e-05  1.18933765e+00                                 
 7.23896989e-05  8.12135259e-01  7.23896989e-05  7.59288738e-01  7.23896989e-05  7.66050774e-01  7.23896989e-05  1.80000000e+00  7.23896989e-05  4.41219000e-03  7.23896989e-05  7.62657260e-01  7.23896989e-05  1.18340266e+00  7.23896989e-05  1.18932328e+00                                 
 7.24955557e-05  8.12127381e-01  7.24955557e-05  7.59270847e-01  7.24955557e-05  7.65956747e-01  7.24955557e-05  1.80000000e+00  7.24955557e-05 -4.39081014e-03  7.24955557e-05  7.62562509e-01  7.24955557e-05  1.18319396e+00  7.24955557e-05  1.18933476e+00                                 
 7.26025016e-05  8.12135311e-01  7.26025016e-05  7.59288744e-01  7.26025016e-05  7.66038732e-01  7.26025016e-05  1.80000000e+00  7.26025016e-05  4.40958042e-03  7.26025016e-05  7.62657449e-01  7.26025016e-05  1.18339960e+00  7.26025016e-05  1.18931995e+00                                 
 7.28163935e-05  8.12127338e-01  7.28163935e-05  7.59270842e-01  7.28163935e-05  7.65964365e-01  7.28163935e-05  1.80000000e+00  7.28163935e-05 -4.38888513e-03  7.28163935e-05  7.62562368e-01  7.28163935e-05  1.18318906e+00  7.28163935e-05  1.18932996e+00                                 
 7.31396467e-05  8.12135337e-01  7.31396467e-05  7.59288747e-01  7.31396467e-05  7.66034956e-01  7.31396467e-05  1.80000000e+00  7.31396467e-05  4.40850139e-03  7.31396467e-05  7.62657527e-01  7.31396467e-05  1.18339160e+00  7.31396467e-05  1.18931191e+00                                 
 7.36500656e-05  8.12127321e-01  7.36500656e-05  7.59270840e-01  7.36500656e-05  7.65966621e-01  7.36500656e-05  1.80000000e+00  7.36500656e-05 -4.38825314e-03  7.36500656e-05  7.62562318e-01  7.36500656e-05  1.18317651e+00  7.36500656e-05  1.18931746e+00                                 
 7.45608827e-05  8.12135348e-01  7.45608827e-05  7.59288749e-01  7.45608827e-05  7.66033628e-01  7.45608827e-05  1.80000000e+00  7.45608827e-05  4.40807616e-03  7.45608827e-05  7.62657558e-01  7.45608827e-05  1.18337032e+00  7.45608827e-05  1.18929062e+00                                 
 7.57608827e-05  8.12127315e-01  7.57608827e-05  7.59270840e-01  7.57608827e-05  7.65967423e-01  7.57608827e-05  1.80000000e+00  7.57608827e-05 -4.38801332e-03  7.57608827e-05  7.62562299e-01  7.57608827e-05  1.18314490e+00  7.57608827e-05  1.18928588e+00                                 
 7.69608827e-05  8.12135354e-01  7.69608827e-05  7.59288749e-01  7.69608827e-05  7.66032937e-01  7.69608827e-05  1.80000000e+00  7.69608827e-05  4.40784732e-03  7.69608827e-05  7.62657574e-01  7.69608827e-05  1.18333438e+00  7.69608827e-05  1.18925471e+00                                 
 7.80010000e-05  8.12127308e-01  7.80010000e-05  7.59270839e-01  7.80010000e-05  7.65968140e-01  7.80010000e-05  1.80000000e+00  7.80010000e-05 -4.38779365e-03  7.80010000e-05  7.62562281e-01  7.80010000e-05  1.18311131e+00  7.80010000e-05  1.18925234e+00                                 
 7.80011000e-05  8.12096778e-01  7.80011000e-05  7.59046743e-01  7.80011000e-05  7.64020781e-01  7.80011000e-05  1.62000000e+00  7.80011000e-05 -4.09748045e-04  7.80011000e-05  7.60847688e-01  7.80011000e-05  1.18170016e+00  7.80011000e-05  1.18923595e+00                                 
 7.80013000e-05  8.12128159e-01  7.80013000e-05  7.59091020e-01  7.80013000e-05  7.64625124e-01  7.80013000e-05  1.26000000e+00  7.80013000e-05  3.05075458e-04  7.80013000e-05  7.61034027e-01  7.80013000e-05  1.18187021e+00  7.80013000e-05  1.18925159e+00                                 
 7.80017000e-05  8.12163638e-01  7.80017000e-05  7.59424872e-01  7.80017000e-05  7.67233433e-01  7.80017000e-05  5.40000000e-01  7.80017000e-05  8.26414799e-01  7.80017000e-05  7.63456679e-01  7.80017000e-05  1.18621657e+00  7.80017000e-05  1.18926013e+00                                 
 7.80020000e-05  8.12123282e-01  7.80020000e-05  7.58784109e-01  7.80020000e-05  7.81005612e-01  7.80020000e-05  0.00000000e+00  7.80020000e-05  1.75663436e+00  7.80020000e-05  7.56534475e-01  7.80020000e-05  1.10438854e+00  7.80020000e-05  1.18885934e+00                                 
 7.80020439e-05  8.12132218e-01  7.80020439e-05  7.58594772e-01  7.80020439e-05  7.82690525e-01  7.80020439e-05  0.00000000e+00  7.80020439e-05  1.78398377e+00  7.80020439e-05  7.54274626e-01  7.80020439e-05  1.07883505e+00  7.80020439e-05  1.18884347e+00                                 
 7.80021316e-05  8.12131652e-01  7.80021316e-05  7.58280013e-01  7.80021316e-05  7.83535195e-01  7.80021316e-05  0.00000000e+00  7.80021316e-05  1.80304099e+00  7.80021316e-05  7.50648038e-01  7.80021316e-05  1.02829406e+00  7.80021316e-05  1.18891194e+00                                 
 7.80023072e-05  8.12129845e-01  7.80023072e-05  7.58146222e-01  7.80023072e-05  7.81956406e-01  7.80023072e-05  0.00000000e+00  7.80023072e-05  1.79685314e+00  7.80023072e-05  7.49406210e-01  7.80023072e-05  9.43095111e-01  7.80023072e-05  1.18918512e+00                                 
 7.80026324e-05  8.12131211e-01  7.80026324e-05  7.58392939e-01  7.80026324e-05  7.77622663e-01  7.80026324e-05  0.00000000e+00  7.80026324e-05  1.80138648e+00  7.80026324e-05  7.52330251e-01  7.80026324e-05  8.37070866e-01  7.80026324e-05  1.18946826e+00                                 
 7.80030172e-05  8.12129629e-01  7.80030172e-05  7.58974874e-01  7.80030172e-05  7.70018990e-01  7.80030172e-05  0.00000000e+00  7.80030172e-05  1.79851368e+00  7.80030172e-05  7.58257704e-01  7.80030172e-05  7.82132438e-01  7.80030172e-05  1.18958719e+00                                 
 7.80034346e-05  8.12131603e-01  7.80034346e-05  7.59385328e-01  7.80034346e-05  7.67048874e-01  7.80034346e-05  0.00000000e+00  7.80034346e-05  1.80119784e+00  7.80034346e-05  7.61909033e-01  7.80034346e-05  7.69540037e-01  7.80034346e-05  1.18943676e+00                                 
 7.80039099e-05  8.12130126e-01  7.80039099e-05  7.59487100e-01  7.80039099e-05  7.66537367e-01  7.80039099e-05  0.00000000e+00  7.80039099e-05  1.79901942e+00  7.80039099e-05  7.62417009e-01  7.80039099e-05  7.66631706e-01  7.80039099e-05  1.18889217e+00                                 
 7.80043567e-05  8.12132020e-01  7.80043567e-05  7.59531077e-01  7.80043567e-05  7.66787854e-01  7.80043567e-05  0.00000000e+00  7.80043567e-05  1.80081858e+00  7.80043567e-05  7.62994046e-01  7.80043567e-05  7.66911331e-01  7.80043567e-05  1.18820087e+00                                 
 7.80052504e-05  8.12130461e-01  7.80052504e-05  7.59469935e-01  7.80052504e-05  7.67668023e-01  7.80052504e-05  0.00000000e+00  7.80052504e-05  1.79926627e+00  7.80052504e-05  7.62783344e-01  7.80052504e-05  7.67303208e-01  7.80052504e-05  1.18654201e+00                                 
 7.80069268e-05  8.12132219e-01  7.80069268e-05  7.59420704e-01  7.80069268e-05  7.69749807e-01  7.80069268e-05  0.00000000e+00  7.80069268e-05  1.80070851e+00  7.80069268e-05  7.63183737e-01  7.80069268e-05  7.69681743e-01  7.80069268e-05  1.18310625e+00                                 
 7.80102798e-05  8.12130489e-01  7.80102798e-05  7.59322349e-01  7.80102798e-05  7.74432305e-01  7.80102798e-05  0.00000000e+00  7.80102798e-05  1.79932113e+00  7.80102798e-05  7.62894110e-01  7.80102798e-05  7.73988034e-01  7.80102798e-05  1.17596923e+00                                 
 7.80169857e-05  8.12132177e-01  7.80169857e-05  7.59293724e-01  7.80169857e-05  7.84311330e-01  7.80169857e-05  0.00000000e+00  7.80169857e-05  1.80068266e+00  7.80169857e-05  7.63131674e-01  7.80169857e-05  7.84183712e-01  7.80169857e-05  1.16212502e+00                                 
 7.80303975e-05  8.12130484e-01  7.80303975e-05  7.59260541e-01  7.80303975e-05  8.03604519e-01  7.80303975e-05  0.00000000e+00  7.80303975e-05  1.79933360e+00  7.80303975e-05  7.62683062e-01  7.80303975e-05  8.03068645e-01  7.80303975e-05  1.13578636e+00                                 
 7.80572212e-05  8.12132179e-01  7.80572212e-05  7.59292710e-01  7.80572212e-05  8.39342089e-01  7.80572212e-05  0.00000000e+00  7.80572212e-05  1.80067535e+00  7.80572212e-05  7.62845667e-01  7.80572212e-05  8.39191051e-01  7.80572212e-05  1.08594758e+00                                 
 7.81108685e-05  8.12130486e-01  7.81108685e-05  7.59265836e-01  7.81108685e-05  9.00860385e-01  7.81108685e-05  0.00000000e+00  7.81108685e-05  1.79933487e+00  7.81108685e-05  7.62449985e-01  7.81108685e-05  8.99596013e-01  7.81108685e-05  1.00014803e+00                                 
 7.81861889e-05  8.12132179e-01  7.81861889e-05  7.59293495e-01  7.81861889e-05  9.68743822e-01  7.81861889e-05  0.00000000e+00  7.81861889e-05  1.80067121e+00  7.81861889e-05  7.62758758e-01  7.81861889e-05  9.68788983e-01  7.81861889e-05  9.57946081e-01                                 
 7.82651683e-05  8.12130486e-01  7.82651683e-05  7.59266287e-01  7.82651683e-05  1.02198879e+00  7.82651683e-05  0.00000000e+00  7.82651683e-05  1.79933402e+00  7.82651683e-05  7.62447304e-01  7.82651683e-05  1.02006000e+00  7.82651683e-05  9.95073119e-01                                 
 7.83457859e-05  8.12132179e-01  7.83457859e-05  7.59293188e-01  7.83457859e-05  1.06237446e+00  7.83457859e-05  0.00000000e+00  7.83457859e-05  1.80066846e+00  7.83457859e-05  7.62765215e-01  7.83457859e-05  1.06272477e+00  7.83457859e-05  1.04166838e+00                                 
 7.84397731e-05  8.12130486e-01  7.84397731e-05  7.59266485e-01  7.84397731e-05  1.09671310e+00  7.84397731e-05  0.00000000e+00  7.84397731e-05  1.79933413e+00  7.84397731e-05  7.62447136e-01  7.84397731e-05  1.09577100e+00  7.84397731e-05  1.08382101e+00                                 
 7.86277475e-05  8.12132179e-01  7.86277475e-05  7.59293078e-01  7.86277475e-05  1.13949420e+00  7.86277475e-05  0.00000000e+00  7.86277475e-05  1.80066676e+00  7.86277475e-05  7.62769187e-01  7.86277475e-05  1.13989304e+00  7.86277475e-05  1.13636827e+00                                 
 7.88838846e-05  8.12130486e-01  7.88838846e-05  7.59266531e-01  7.88838846e-05  1.16648404e+00  7.88838846e-05  0.00000000e+00  7.88838846e-05  1.79933390e+00  7.88838846e-05  7.62448642e-01  7.88838846e-05  1.16600739e+00  7.88838846e-05  1.16901523e+00                                 
 7.91916168e-05  8.12132179e-01  7.91916168e-05  7.59293138e-01  7.91916168e-05  1.17820992e+00  7.91916168e-05  0.00000000e+00  7.91916168e-05  1.80066822e+00  7.91916168e-05  7.62771411e-01  7.91916168e-05  1.17844032e+00  7.91916168e-05  1.18312879e+00                                 
 7.95820201e-05  8.12130486e-01  7.95820201e-05  7.59266559e-01  7.95820201e-05  1.18245472e+00  7.95820201e-05  0.00000000e+00  7.95820201e-05  1.79933407e+00  7.95820201e-05  7.62448974e-01  7.95820201e-05  1.18204647e+00  7.95820201e-05  1.18820600e+00                                 
 8.01239358e-05  8.12132179e-01  8.01239358e-05  7.59293134e-01  8.01239358e-05  1.18356386e+00  8.01239358e-05  0.00000000e+00  8.01239358e-05  1.80066837e+00  8.01239358e-05  7.62771780e-01  8.01239358e-05  1.18392399e+00  8.01239358e-05  1.18959329e+00                                 
 8.09922691e-05  8.12130486e-01  8.09922691e-05  7.59266574e-01  8.09922691e-05  1.18363071e+00  8.09922691e-05  0.00000000e+00  8.09922691e-05  1.79933421e+00  8.09922691e-05  7.62448965e-01  8.09922691e-05  1.18322855e+00  8.09922691e-05  1.18960702e+00                                 
 8.21922691e-05  8.12132179e-01  8.21922691e-05  7.59293123e-01  8.21922691e-05  1.18363423e+00  8.21922691e-05  0.00000000e+00  8.21922691e-05  1.80066826e+00  8.21922691e-05  7.62771812e-01  8.21922691e-05  1.18402755e+00  8.21922691e-05  1.18970883e+00                                 
 8.33922691e-05  8.12130486e-01  8.33922691e-05  7.59266581e-01  8.33922691e-05  1.18363962e+00  8.33922691e-05  0.00000000e+00  8.33922691e-05  1.79933429e+00  8.33922691e-05  7.62448940e-01  8.33922691e-05  1.18323846e+00  8.33922691e-05  1.18961648e+00                                 
 8.40000000e-05  8.12132179e-01  8.40000000e-05  7.59293043e-01  8.40000000e-05  1.18361435e+00  8.40000000e-05  0.00000000e+00  8.40000000e-05  1.80066647e+00  8.40000000e-05  7.62771295e-01  8.40000000e-05  1.18401185e+00  8.40000000e-05  1.18969640e+00                                 
 8.40001000e-05  8.12154253e-01  8.40001000e-05  7.59447895e-01  8.40001000e-05  1.18515387e+00  8.40001000e-05  1.80000000e-01  8.40001000e-05  1.80029359e+00  8.40001000e-05  7.64092899e-01  8.40001000e-05  1.18513820e+00  8.40001000e-05  1.18969815e+00                                 
 8.40003000e-05  8.12137862e-01  8.40003000e-05  7.59479370e-01  8.40003000e-05  1.18472898e+00  8.40003000e-05  5.40000000e-01  8.40003000e-05  1.79988307e+00  8.40003000e-05  7.64484371e-01  8.40003000e-05  1.18536464e+00  8.40003000e-05  1.18968119e+00                                 
 8.40006369e-05  8.12076357e-01  8.40006369e-05  7.59129243e-01  8.40006369e-05  1.18275770e+00  8.40006369e-05  1.14645729e+00  8.40006369e-05  1.81360682e+00  8.40006369e-05  7.62288381e-01  8.40006369e-05  1.19068878e+00  8.40006369e-05  1.18970587e+00                                 
 8.40010000e-05  8.12273295e-01  8.40010000e-05  7.59162272e-01  8.40010000e-05  1.17490197e+00  8.40010000e-05  1.80000000e+00  8.40010000e-05  7.19124792e-02  8.40010000e-05  7.60157773e-01  8.40010000e-05  1.18204021e+00  8.40010000e-05  1.18961250e+00                                 
 8.40010398e-05  8.12273373e-01  8.40010398e-05  7.59202955e-01  8.40010398e-05  1.17485724e+00  8.40010398e-05  1.80000000e+00  8.40010398e-05  1.27866198e-02  8.40010398e-05  7.61404052e-01  8.40010398e-05  1.18238206e+00  8.40010398e-05  1.18965234e+00                                 
 8.40011194e-05  8.12323458e-01  8.40011194e-05  7.59317105e-01  8.40011194e-05  1.17491298e+00  8.40011194e-05  1.80000000e+00  8.40011194e-05 -7.56622946e-03  8.40011194e-05  7.63144039e-01  8.40011194e-05  1.18369977e+00  8.40011194e-05  1.18968710e+00                                 
 8.40012785e-05  8.12374773e-01  8.40012785e-05  7.59290392e-01  8.40012785e-05  1.17381529e+00  8.40012785e-05  1.80000000e+00  8.40012785e-05  6.34727991e-03  8.40012785e-05  7.62595074e-01  8.40012785e-05  1.18340204e+00  8.40012785e-05  1.18966154e+00                                 
 8.40015829e-05  8.12347693e-01  8.40015829e-05  7.59283758e-01  8.40015829e-05  1.17364187e+00  8.40015829e-05  1.80000000e+00  8.40015829e-05 -5.55306740e-03  8.40015829e-05  7.62734915e-01  8.40015829e-05  1.18335737e+00  8.40015829e-05  1.18969690e+00                                 
 8.40019717e-05  8.12304505e-01  8.40019717e-05  7.59288286e-01  8.40019717e-05  1.17328683e+00  8.40019717e-05  1.80000000e+00  8.40019717e-05  5.15046995e-03  8.40019717e-05  7.62644903e-01  8.40019717e-05  1.18342519e+00  8.40019717e-05  1.18968140e+00                                 
 8.40026038e-05  8.12204935e-01  8.40026038e-05  7.59271435e-01  8.40026038e-05  1.17283851e+00  8.40026038e-05  1.80000000e+00  8.40026038e-05 -4.86981114e-03  8.40026038e-05  7.62623243e-01  8.40026038e-05  1.18326382e+00  8.40026038e-05  1.18970343e+00                                 
 8.40034506e-05  8.12150569e-01  8.40034506e-05  7.59285833e-01  8.40034506e-05  1.17177293e+00  8.40034506e-05  1.80000000e+00  8.40034506e-05  4.68527189e-03  8.40034506e-05  7.62660286e-01  8.40034506e-05  1.18342864e+00  8.40034506e-05  1.18968654e+00                                 
 8.40049801e-05  8.12099767e-01  8.40049801e-05  7.59269529e-01  8.40049801e-05  1.16937047e+00  8.40049801e-05  1.80000000e+00  8.40049801e-05 -4.58389913e-03  8.40049801e-05  7.62588056e-01  8.40049801e-05  1.18323336e+00  8.40049801e-05  1.18969688e+00                                 
 8.40072603e-05  8.12108384e-01  8.40072603e-05  7.59287000e-01  8.40072603e-05  1.16530980e+00  8.40072603e-05  1.80000000e+00  8.40072603e-05  4.52431167e-03  8.40072603e-05  7.62655824e-01  8.40072603e-05  1.18341954e+00  8.40072603e-05  1.18967064e+00                                 
 8.40118207e-05  8.12099249e-01  8.40118207e-05  7.59270155e-01  8.40118207e-05  1.15697577e+00  8.40118207e-05  1.80000000e+00  8.40118207e-05 -4.48140198e-03  8.40118207e-05  7.62563177e-01  8.40118207e-05  1.18321022e+00  8.40118207e-05  1.18965687e+00                                 
 8.40204497e-05  8.12125320e-01  8.40204497e-05  7.59288574e-01  8.40204497e-05  1.14030359e+00  8.40204497e-05  1.80000000e+00  8.40204497e-05  4.47879629e-03  8.40204497e-05  7.62644419e-01  8.40204497e-05  1.18340562e+00  8.40204497e-05  1.18959115e+00                                 
 8.40289139e-05  8.12126213e-01  8.40289139e-05  7.59270997e-01  8.40289139e-05  1.12203213e+00  8.40289139e-05  1.80000000e+00  8.40289139e-05 -4.44560439e-03  8.40289139e-05  7.62557703e-01  8.40289139e-05  1.18320216e+00  8.40289139e-05  1.18956164e+00                                 
 8.40387570e-05  8.12137284e-01  8.40387570e-05  7.59288764e-01  8.40387570e-05  1.10025264e+00  8.40387570e-05  1.80000000e+00  8.40387570e-05  4.44735806e-03  8.40387570e-05  7.62649348e-01  8.40387570e-05  1.18340610e+00  8.40387570e-05  1.18950641e+00                                 
 8.40508698e-05  8.12128455e-01  8.40508698e-05  7.59270913e-01  8.40508698e-05  1.07307981e+00  8.40508698e-05  1.80000000e+00  8.40508698e-05 -4.41897533e-03  8.40508698e-05  7.62559611e-01  8.40508698e-05  1.18320104e+00  8.40508698e-05  1.18947924e+00                                 
 8.40684539e-05  8.12136730e-01  8.40684539e-05  7.59288778e-01  8.40684539e-05  1.03398743e+00  8.40684539e-05  1.80000000e+00  8.40684539e-05  4.42733705e-03  8.40684539e-05  7.62654122e-01  8.40684539e-05  1.18340697e+00  8.40684539e-05  1.18942235e+00                                 
 8.41036220e-05  8.12127086e-01  8.41036220e-05  7.59270829e-01  8.41036220e-05  9.56581281e-01  8.41036220e-05  1.80000000e+00  8.41036220e-05 -4.40655954e-03  8.41036220e-05  7.62561822e-01  8.41036220e-05  1.18319979e+00  8.41036220e-05  1.18938394e+00                                 
 8.41739583e-05  8.12135982e-01  8.41739583e-05  7.59288769e-01  8.41739583e-05  8.27350395e-01  8.41739583e-05  1.80000000e+00  8.41739583e-05  4.42220762e-03  8.41739583e-05  7.62656208e-01  8.41739583e-05  1.18340510e+00  8.41739583e-05  1.18933228e+00                                 
 8.42394048e-05  8.12127050e-01  8.42394048e-05  7.59270845e-01  8.42394048e-05  7.71374071e-01  8.42394048e-05  1.80000000e+00  8.42394048e-05 -4.40097262e-03  8.42394048e-05  7.62564810e-01  8.42394048e-05  1.18319960e+00  8.42394048e-05  1.18934012e+00                                 
 8.43000884e-05  8.12135225e-01  8.43000884e-05  7.59288726e-01  8.43000884e-05  7.66060657e-01  8.43000884e-05  1.80000000e+00  8.43000884e-05  4.41861813e-03  8.43000884e-05  7.62656935e-01  8.43000884e-05  1.18340375e+00  8.43000884e-05  1.18932534e+00                                 
 8.43367705e-05  8.12127402e-01  8.43367705e-05  7.59270856e-01  8.43367705e-05  7.65921386e-01  8.43367705e-05  1.80000000e+00  8.43367705e-05 -4.39482818e-03  8.43367705e-05  7.62562856e-01  8.43367705e-05  1.18319652e+00  8.43367705e-05  1.18933758e+00                                 
 8.43896989e-05  8.12135259e-01  8.43896989e-05  7.59288738e-01  8.43896989e-05  7.66050774e-01  8.43896989e-05  1.80000000e+00  8.43896989e-05  4.41218992e-03  8.43896989e-05  7.62657260e-01  8.43896989e-05  1.18340258e+00  8.43896989e-05  1.18932321e+00                                 
 8.44955557e-05  8.12127380e-01  8.44955557e-05  7.59270847e-01  8.44955557e-05  7.65956747e-01  8.44955557e-05  1.80000000e+00  8.44955557e-05 -4.39081006e-03  8.44955557e-05  7.62562509e-01  8.44955557e-05  1.18319388e+00  8.44955557e-05  1.18933468e+00                                 
 8.46025017e-05  8.12135312e-01  8.46025017e-05  7.59288745e-01  8.46025017e-05  7.66038733e-01  8.46025017e-05  1.80000000e+00  8.46025017e-05  4.40958034e-03  8.46025017e-05  7.62657450e-01  8.46025017e-05  1.18339952e+00  8.46025017e-05  1.18931987e+00                                 
 8.48163938e-05  8.12127338e-01  8.48163938e-05  7.59270842e-01  8.48163938e-05  7.65964367e-01  8.48163938e-05  1.80000000e+00  8.48163938e-05 -4.38888505e-03  8.48163938e-05  7.62562369e-01  8.48163938e-05  1.18318898e+00  8.48163938e-05  1.18932988e+00                                 
 8.51396473e-05  8.12135337e-01  8.51396473e-05  7.59288747e-01  8.51396473e-05  7.66034956e-01  8.51396473e-05  1.80000000e+00  8.51396473e-05  4.40850131e-03  8.51396473e-05  7.62657527e-01  8.51396473e-05  1.18339151e+00  8.51396473e-05  1.18931182e+00                                 
 8.56500673e-05  8.12127321e-01  8.56500673e-05  7.59270840e-01  8.56500673e-05  7.65966622e-01  8.56500673e-05  1.80000000e+00  8.56500673e-05 -4.38825307e-03  8.56500673e-05  7.62562318e-01  8.56500673e-05  1.18317644e+00  8.56500673e-05  1.18931738e+00                                 
 8.65608871e-05  8.12135348e-01  8.65608871e-05  7.59288748e-01  8.65608871e-05  7.66033627e-01  8.65608871e-05  1.80000000e+00  8.65608871e-05  4.40807609e-03  8.65608871e-05  7.62657557e-01  8.65608871e-05  1.18337025e+00  8.65608871e-05  1.18929056e+00                                 
 8.77608871e-05  8.12127314e-01  8.77608871e-05  7.59270839e-01  8.77608871e-05  7.65967423e-01  8.77608871e-05  1.80000000e+00  8.77608871e-05 -4.38801324e-03  8.77608871e-05  7.62562299e-01  8.77608871e-05  1.18314483e+00  8.77608871e-05  1.18928582e+00                                 
 8.89608871e-05  8.12135353e-01  8.89608871e-05  7.59288749e-01  8.89608871e-05  7.66032936e-01  8.89608871e-05  1.80000000e+00  8.89608871e-05  4.40784724e-03  8.89608871e-05  7.62657573e-01  8.89608871e-05  1.18333430e+00  8.89608871e-05  1.18925464e+00                                 
 9.00010000e-05  8.12127309e-01  9.00010000e-05  7.59270839e-01  9.00010000e-05  7.65968140e-01  9.00010000e-05  1.80000000e+00  9.00010000e-05 -4.38779357e-03  9.00010000e-05  7.62562281e-01  9.00010000e-05  1.18311121e+00  9.00010000e-05  1.18925223e+00                                 
 9.00011000e-05  8.12096779e-01  9.00011000e-05  7.59046743e-01  9.00011000e-05  7.64020781e-01  9.00011000e-05  1.62000000e+00  9.00011000e-05 -4.09748037e-04  9.00011000e-05  7.60847688e-01  9.00011000e-05  1.18170005e+00  9.00011000e-05  1.18923584e+00                                 
 9.00013000e-05  8.12128159e-01  9.00013000e-05  7.59091020e-01  9.00013000e-05  7.64625124e-01  9.00013000e-05  1.26000000e+00  9.00013000e-05  3.05075453e-04  9.00013000e-05  7.61034027e-01  9.00013000e-05  1.18187010e+00  9.00013000e-05  1.18925148e+00                                 
 9.00017000e-05  8.12163638e-01  9.00017000e-05  7.59424872e-01  9.00017000e-05  7.67233433e-01  9.00017000e-05  5.40000000e-01  9.00017000e-05  8.26414786e-01  9.00017000e-05  7.63456680e-01  9.00017000e-05  1.18621647e+00  9.00017000e-05  1.18926002e+00                                 
 9.00020000e-05  8.12123282e-01  9.00020000e-05  7.58784109e-01  9.00020000e-05  7.81005608e-01  9.00020000e-05  0.00000000e+00  9.00020000e-05  1.75663435e+00  9.00020000e-05  7.56534479e-01  9.00020000e-05  1.10438847e+00  9.00020000e-05  1.18885924e+00                                 
 9.00020439e-05  8.12132218e-01  9.00020439e-05  7.58594772e-01  9.00020439e-05  7.82690521e-01  9.00020439e-05  0.00000000e+00  9.00020439e-05  1.78398377e+00  9.00020439e-05  7.54274630e-01  9.00020439e-05  1.07883498e+00  9.00020439e-05  1.18884337e+00                                 
 9.00021316e-05  8.12131652e-01  9.00021316e-05  7.58280013e-01  9.00021316e-05  7.83535192e-01  9.00021316e-05  0.00000000e+00  9.00021316e-05  1.80304099e+00  9.00021316e-05  7.50648041e-01  9.00021316e-05  1.02829400e+00  9.00021316e-05  1.18891183e+00                                 
 9.00023072e-05  8.12129846e-01  9.00023072e-05  7.58146222e-01  9.00023072e-05  7.81956403e-01  9.00023072e-05  0.00000000e+00  9.00023072e-05  1.79685314e+00  9.00023072e-05  7.49406213e-01  9.00023072e-05  9.43095060e-01  9.00023072e-05  1.18918502e+00                                 
 9.00026324e-05  8.12131211e-01  9.00026324e-05  7.58392939e-01  9.00026324e-05  7.77622661e-01  9.00026324e-05  0.00000000e+00  9.00026324e-05  1.80138648e+00  9.00026324e-05  7.52330253e-01  9.00026324e-05  8.37070842e-01  9.00026324e-05  1.18946815e+00                                 
 9.00030172e-05  8.12129630e-01  9.00030172e-05  7.58974874e-01  9.00030172e-05  7.70018989e-01  9.00030172e-05  0.00000000e+00  9.00030172e-05  1.79851368e+00  9.00030172e-05  7.58257705e-01  9.00030172e-05  7.82132437e-01  9.00030172e-05  1.18958709e+00                                 
 9.00034346e-05  8.12131603e-01  9.00034346e-05  7.59385328e-01  9.00034346e-05  7.67048874e-01  9.00034346e-05  0.00000000e+00  9.00034346e-05  1.80119784e+00  9.00034346e-05  7.61909034e-01  9.00034346e-05  7.69540036e-01  9.00034346e-05  1.18943666e+00                                 
 9.00039099e-05  8.12130126e-01  9.00039099e-05  7.59487100e-01  9.00039099e-05  7.66537367e-01  9.00039099e-05  0.00000000e+00  9.00039099e-05  1.79901942e+00  9.00039099e-05  7.62417009e-01  9.00039099e-05  7.66631706e-01  9.00039099e-05  1.18889206e+00                                 
 9.00043567e-05  8.12132020e-01  9.00043567e-05  7.59531077e-01  9.00043567e-05  7.66787854e-01  9.00043567e-05  0.00000000e+00  9.00043567e-05  1.80081858e+00  9.00043567e-05  7.62994046e-01  9.00043567e-05  7.66911331e-01  9.00043567e-05  1.18820076e+00                                 
 9.00052504e-05  8.12130461e-01  9.00052504e-05  7.59469935e-01  9.00052504e-05  7.67668023e-01  9.00052504e-05  0.00000000e+00  9.00052504e-05  1.79926627e+00  9.00052504e-05  7.62783344e-01  9.00052504e-05  7.67303208e-01  9.00052504e-05  1.18654190e+00                                 
 9.00069268e-05  8.12132219e-01  9.00069268e-05  7.59420704e-01  9.00069268e-05  7.69749807e-01  9.00069268e-05  0.00000000e+00  9.00069268e-05  1.80070851e+00  9.00069268e-05  7.63183737e-01  9.00069268e-05  7.69681743e-01  9.00069268e-05  1.18310615e+00                                 
 9.00102798e-05  8.12130489e-01  9.00102798e-05  7.59322349e-01  9.00102798e-05  7.74432306e-01  9.00102798e-05  0.00000000e+00  9.00102798e-05  1.79932113e+00  9.00102798e-05  7.62894110e-01  9.00102798e-05  7.73988035e-01  9.00102798e-05  1.17596913e+00                                 
 9.00169857e-05  8.12132177e-01  9.00169857e-05  7.59293724e-01  9.00169857e-05  7.84311331e-01  9.00169857e-05  0.00000000e+00  9.00169857e-05  1.80068266e+00  9.00169857e-05  7.63131674e-01  9.00169857e-05  7.84183713e-01  9.00169857e-05  1.16212492e+00                                 
 9.00303975e-05  8.12130484e-01  9.00303975e-05  7.59260541e-01  9.00303975e-05  8.03604521e-01  9.00303975e-05  0.00000000e+00  9.00303975e-05  1.79933360e+00  9.00303975e-05  7.62683062e-01  9.00303975e-05  8.03068648e-01  9.00303975e-05  1.13578625e+00                                 
 9.00572212e-05  8.12132179e-01  9.00572212e-05  7.59292710e-01  9.00572212e-05  8.39342095e-01  9.00572212e-05  0.00000000e+00  9.00572212e-05  1.80067535e+00  9.00572212e-05  7.62845667e-01  9.00572212e-05  8.39191057e-01  9.00572212e-05  1.08594747e+00                                 
 9.01108685e-05  8.12130485e-01  9.01108685e-05  7.59265835e-01  9.01108685e-05  9.00860394e-01  9.01108685e-05  0.00000000e+00  9.01108685e-05  1.79933487e+00  9.01108685e-05  7.62449985e-01  9.01108685e-05  8.99596022e-01  9.01108685e-05  1.00014793e+00                                 
 9.01861889e-05  8.12132179e-01  9.01861889e-05  7.59293495e-01  9.01861889e-05  9.68743830e-01  9.01861889e-05  0.00000000e+00  9.01861889e-05  1.80067121e+00  9.01861889e-05  7.62758758e-01  9.01861889e-05  9.68788991e-01  9.01861889e-05  9.57946046e-01                                 
 9.02651683e-05  8.12130486e-01  9.02651683e-05  7.59266287e-01  9.02651683e-05  1.02198879e+00  9.02651683e-05  0.00000000e+00  9.02651683e-05  1.79933402e+00  9.02651683e-05  7.62447304e-01  9.02651683e-05  1.02006000e+00  9.02651683e-05  9.95073116e-01                                 
 9.03457859e-05  8.12132179e-01  9.03457859e-05  7.59293188e-01  9.03457859e-05  1.06237446e+00  9.03457859e-05  0.00000000e+00  9.03457859e-05  1.80066846e+00  9.03457859e-05  7.62765214e-01  9.03457859e-05  1.06272477e+00  9.03457859e-05  1.04166838e+00                                 
 9.04397731e-05  8.12130486e-01  9.04397731e-05  7.59266485e-01  9.04397731e-05  1.09671310e+00  9.04397731e-05  0.00000000e+00  9.04397731e-05  1.79933413e+00  9.04397731e-05  7.62447136e-01  9.04397731e-05  1.09577099e+00  9.04397731e-05  1.08382101e+00                                 
 9.06277475e-05  8.12132179e-01  9.06277475e-05  7.59293078e-01  9.06277475e-05  1.13949420e+00  9.06277475e-05  0.00000000e+00  9.06277475e-05  1.80066676e+00  9.06277475e-05  7.62769187e-01  9.06277475e-05  1.13989304e+00  9.06277475e-05  1.13636826e+00                                 
 9.08838846e-05  8.12130486e-01  9.08838846e-05  7.59266530e-01  9.08838846e-05  1.16648404e+00  9.08838846e-05  0.00000000e+00  9.08838846e-05  1.79933390e+00  9.08838846e-05  7.62448641e-01  9.08838846e-05  1.16600739e+00  9.08838846e-05  1.16901523e+00                                 
 9.11916167e-05  8.12132179e-01  9.11916167e-05  7.59293138e-01  9.11916167e-05  1.17820992e+00  9.11916167e-05  0.00000000e+00  9.11916167e-05  1.80066822e+00  9.11916167e-05  7.62771411e-01  9.11916167e-05  1.17844032e+00  9.11916167e-05  1.18312880e+00                                 
 9.15820199e-05  8.12130486e-01  9.15820199e-05  7.59266559e-01  9.15820199e-05  1.18245472e+00  9.15820199e-05  0.00000000e+00  9.15820199e-05  1.79933407e+00  9.15820199e-05  7.62448974e-01  9.15820199e-05  1.18204647e+00  9.15820199e-05  1.18820600e+00                                 
 9.21239358e-05  8.12132179e-01  9.21239358e-05  7.59293133e-01  9.21239358e-05  1.18356384e+00  9.21239358e-05  0.00000000e+00  9.21239358e-05  1.80066837e+00  9.21239358e-05  7.62771779e-01  9.21239358e-05  1.18392397e+00  9.21239358e-05  1.18959327e+00                                 
 9.29922692e-05  8.12130486e-01  9.29922692e-05  7.59266573e-01  9.29922692e-05  1.18363072e+00  9.29922692e-05  0.00000000e+00  9.29922692e-05  1.79933421e+00  9.29922692e-05  7.62448965e-01  9.29922692e-05  1.18322856e+00  9.29922692e-05  1.18960702e+00                                 
 9.41922692e-05  8.12132179e-01  9.41922692e-05  7.59293123e-01  9.41922692e-05  1.18363431e+00  9.41922692e-05  0.00000000e+00  9.41922692e-05  1.80066826e+00  9.41922692e-05  7.62771812e-01  9.41922692e-05  1.18402763e+00  9.41922692e-05  1.18970891e+00                                 
 9.53922692e-05  8.12130486e-01  9.53922692e-05  7.59266581e-01  9.53922692e-05  1.18363973e+00  9.53922692e-05  0.00000000e+00  9.53922692e-05  1.79933429e+00  9.53922692e-05  7.62448940e-01  9.53922692e-05  1.18323856e+00  9.53922692e-05  1.18961658e+00                                 
 9.60000000e-05  8.12132179e-01  9.60000000e-05  7.59293043e-01  9.60000000e-05  1.18361445e+00  9.60000000e-05  0.00000000e+00  9.60000000e-05  1.80066647e+00  9.60000000e-05  7.62771295e-01  9.60000000e-05  1.18401195e+00  9.60000000e-05  1.18969650e+00                                 
 9.60001000e-05  8.12154253e-01  9.60001000e-05  7.59447896e-01  9.60001000e-05  1.18515397e+00  9.60001000e-05  1.80000000e-01  9.60001000e-05  1.80029359e+00  9.60001000e-05  7.64092900e-01  9.60001000e-05  1.18513830e+00  9.60001000e-05  1.18969826e+00                                 
 9.60003000e-05  8.12137863e-01  9.60003000e-05  7.59479370e-01  9.60003000e-05  1.18472909e+00  9.60003000e-05  5.40000000e-01  9.60003000e-05  1.79988307e+00  9.60003000e-05  7.64484372e-01  9.60003000e-05  1.18536474e+00  9.60003000e-05  1.18968130e+00                                 
 9.60006369e-05  8.12076357e-01  9.60006369e-05  7.59129243e-01  9.60006369e-05  1.18275780e+00  9.60006369e-05  1.14645729e+00  9.60006369e-05  1.81360683e+00  9.60006369e-05  7.62288381e-01  9.60006369e-05  1.19068889e+00  9.60006369e-05  1.18970598e+00                                 
 9.60010000e-05  8.12273295e-01  9.60010000e-05  7.59162272e-01  9.60010000e-05  1.17490208e+00  9.60010000e-05  1.80000000e+00  9.60010000e-05  7.19124708e-02  9.60010000e-05  7.60157773e-01  9.60010000e-05  1.18204032e+00  9.60010000e-05  1.18961260e+00                                 
 9.60010398e-05  8.12273373e-01  9.60010398e-05  7.59202955e-01  9.60010398e-05  1.17485734e+00  9.60010398e-05  1.80000000e+00  9.60010398e-05  1.27866185e-02  9.60010398e-05  7.61404053e-01  9.60010398e-05  1.18238217e+00  9.60010398e-05  1.18965244e+00                                 
 9.60011194e-05  8.12323459e-01  9.60011194e-05  7.59317105e-01  9.60011194e-05  1.17491308e+00  9.60011194e-05  1.80000000e+00  9.60011194e-05 -7.56622854e-03  9.60011194e-05  7.63144040e-01  9.60011194e-05  1.18369988e+00  9.60011194e-05  1.18968721e+00                                 
 9.60012785e-05  8.12374774e-01  9.60012785e-05  7.59290393e-01  9.60012785e-05  1.17381539e+00  9.60012785e-05  1.80000000e+00  9.60012785e-05  6.34727923e-03  9.60012785e-05  7.62595075e-01  9.60012785e-05  1.18340214e+00  9.60012785e-05  1.18966164e+00                                 
 9.60015829e-05  8.12347693e-01  9.60015829e-05  7.59283758e-01  9.60015829e-05  1.17364198e+00  9.60015829e-05  1.80000000e+00  9.60015829e-05 -5.55306674e-03  9.60015829e-05  7.62734915e-01  9.60015829e-05  1.18335748e+00  9.60015829e-05  1.18969701e+00                                 
 9.60019717e-05  8.12304506e-01  9.60019717e-05  7.59288287e-01  9.60019717e-05  1.17328693e+00  9.60019717e-05  1.80000000e+00  9.60019717e-05  5.15046940e-03  9.60019717e-05  7.62644904e-01  9.60019717e-05  1.18342530e+00  9.60019717e-05  1.18968151e+00                                 
 9.60026038e-05  8.12204936e-01  9.60026038e-05  7.59271435e-01  9.60026038e-05  1.17283861e+00  9.60026038e-05  1.80000000e+00  9.60026038e-05 -4.86981063e-03  9.60026038e-05  7.62623244e-01  9.60026038e-05  1.18326392e+00  9.60026038e-05  1.18970354e+00                                 
 9.60034506e-05  8.12150569e-01  9.60034506e-05  7.59285833e-01  9.60034506e-05  1.17177303e+00  9.60034506e-05  1.80000000e+00  9.60034506e-05  4.68527139e-03  9.60034506e-05  7.62660287e-01  9.60034506e-05  1.18342875e+00  9.60034506e-05  1.18968664e+00                                 
 9.60049801e-05  8.12099767e-01  9.60049801e-05  7.59269529e-01  9.60049801e-05  1.16937057e+00  9.60049801e-05  1.80000000e+00  9.60049801e-05 -4.58389863e-03  9.60049801e-05  7.62588057e-01  9.60049801e-05  1.18323346e+00  9.60049801e-05  1.18969699e+00                                 
 9.60072603e-05  8.12108384e-01  9.60072603e-05  7.59287000e-01  9.60072603e-05  1.16530990e+00  9.60072603e-05  1.80000000e+00  9.60072603e-05  4.52431112e-03  9.60072603e-05  7.62655824e-01  9.60072603e-05  1.18341965e+00  9.60072603e-05  1.18967075e+00                                 
 9.60118207e-05  8.12099249e-01  9.60118207e-05  7.59270155e-01  9.60118207e-05  1.15697588e+00  9.60118207e-05  1.80000000e+00  9.60118207e-05 -4.48140143e-03  9.60118207e-05  7.62563177e-01  9.60118207e-05  1.18321032e+00  9.60118207e-05  1.18965697e+00                                 
 9.60204497e-05  8.12125321e-01  9.60204497e-05  7.59288574e-01  9.60204497e-05  1.14030370e+00  9.60204497e-05  1.80000000e+00  9.60204497e-05  4.47879573e-03  9.60204497e-05  7.62644420e-01  9.60204497e-05  1.18340573e+00  9.60204497e-05  1.18959125e+00                                 
 9.60289139e-05  8.12126213e-01  9.60289139e-05  7.59270997e-01  9.60289139e-05  1.12203225e+00  9.60289139e-05  1.80000000e+00  9.60289139e-05 -4.44560384e-03  9.60289139e-05  7.62557704e-01  9.60289139e-05  1.18320226e+00  9.60289139e-05  1.18956175e+00                                 
 9.60387570e-05  8.12137283e-01  9.60387570e-05  7.59288764e-01  9.60387570e-05  1.10025276e+00  9.60387570e-05  1.80000000e+00  9.60387570e-05  4.44735750e-03  9.60387570e-05  7.62649348e-01  9.60387570e-05  1.18340620e+00  9.60387570e-05  1.18950652e+00                                 
 9.60508698e-05  8.12128455e-01  9.60508698e-05  7.59270913e-01  9.60508698e-05  1.07307994e+00  9.60508698e-05  1.80000000e+00  9.60508698e-05 -4.41897477e-03  9.60508698e-05  7.62559611e-01  9.60508698e-05  1.18320115e+00  9.60508698e-05  1.18947934e+00                                 
 9.60684539e-05  8.12136730e-01  9.60684539e-05  7.59288778e-01  9.60684539e-05  1.03398757e+00  9.60684539e-05  1.80000000e+00  9.60684539e-05  4.42733649e-03  9.60684539e-05  7.62654122e-01  9.60684539e-05  1.18340708e+00  9.60684539e-05  1.18942245e+00                                 
 9.61036220e-05  8.12127086e-01  9.61036220e-05  7.59270829e-01  9.61036220e-05  9.56581423e-01  9.61036220e-05  1.80000000e+00  9.61036220e-05 -4.40655898e-03  9.61036220e-05  7.62561822e-01  9.61036220e-05  1.18319990e+00  9.61036220e-05  1.18938404e+00                                 
 9.61739583e-05  8.12135982e-01  9.61739583e-05  7.59288769e-01  9.61739583e-05  8.27350497e-01  9.61739583e-05  1.80000000e+00  9.61739583e-05  4.42220705e-03  9.61739583e-05  7.62656208e-01  9.61739583e-05  1.18340521e+00  9.61739583e-05  1.18933239e+00                                 
 9.62394048e-05  8.12127050e-01  9.62394048e-05  7.59270845e-01  9.62394048e-05  7.71374086e-01  9.62394048e-05  1.80000000e+00  9.62394048e-05 -4.40097206e-03  9.62394048e-05  7.62564811e-01  9.62394048e-05  1.18319972e+00  9.62394048e-05  1.18934023e+00                                 
 9.63000884e-05  8.12135225e-01  9.63000884e-05  7.59288725e-01  9.63000884e-05  7.66060657e-01  9.63000884e-05  1.80000000e+00  9.63000884e-05  4.41861757e-03  9.63000884e-05  7.62656934e-01  9.63000884e-05  1.18340386e+00  9.63000884e-05  1.18932545e+00                                 
 9.63367704e-05  8.12127401e-01  9.63367704e-05  7.59270855e-01  9.63367704e-05  7.65921385e-01  9.63367704e-05  1.80000000e+00  9.63367704e-05 -4.39482762e-03  9.63367704e-05  7.62562855e-01  9.63367704e-05  1.18319663e+00  9.63367704e-05  1.18933769e+00                                 
 9.63896988e-05  8.12135259e-01  9.63896988e-05  7.59288738e-01  9.63896988e-05  7.66050773e-01  9.63896988e-05  1.80000000e+00  9.63896988e-05  4.41218935e-03  9.63896988e-05  7.62657259e-01  9.63896988e-05  1.18340269e+00  9.63896988e-05  1.18932332e+00                                 
 9.64955557e-05  8.12127380e-01  9.64955557e-05  7.59270847e-01  9.64955557e-05  7.65956747e-01  9.64955557e-05  1.80000000e+00  9.64955557e-05 -4.39080950e-03  9.64955557e-05  7.62562509e-01  9.64955557e-05  1.18319400e+00  9.64955557e-05  1.18933480e+00                                 
 9.66025015e-05  8.12135312e-01  9.66025015e-05  7.59288744e-01  9.66025015e-05  7.66038733e-01  9.66025015e-05  1.80000000e+00  9.66025015e-05  4.40957978e-03  9.66025015e-05  7.62657450e-01  9.66025015e-05  1.18339964e+00  9.66025015e-05  1.18931999e+00                                 
 9.68163933e-05  8.12127338e-01  9.68163933e-05  7.59270842e-01  9.68163933e-05  7.65964366e-01  9.68163933e-05  1.80000000e+00  9.68163933e-05 -4.38888449e-03  9.68163933e-05  7.62562368e-01  9.68163933e-05  1.18318910e+00  9.68163933e-05  1.18933000e+00                                 
 9.71396463e-05  8.12135337e-01  9.71396463e-05  7.59288747e-01  9.71396463e-05  7.66034956e-01  9.71396463e-05  1.80000000e+00  9.71396463e-05  4.40850075e-03  9.71396463e-05  7.62657527e-01  9.71396463e-05  1.18339164e+00  9.71396463e-05  1.18931195e+00                                 
 9.76500647e-05  8.12127321e-01  9.76500647e-05  7.59270840e-01  9.76500647e-05  7.65966621e-01  9.76500647e-05  1.80000000e+00  9.76500647e-05 -4.38825251e-03  9.76500647e-05  7.62562318e-01  9.76500647e-05  1.18317654e+00  9.76500647e-05  1.18931749e+00                                 
 9.85608813e-05  8.12135348e-01  9.85608813e-05  7.59288749e-01  9.85608813e-05  7.66033626e-01  9.85608813e-05  1.80000000e+00  9.85608813e-05  4.40807552e-03  9.85608813e-05  7.62657557e-01  9.85608813e-05  1.18337035e+00  9.85608813e-05  1.18929066e+00                                 
 9.97608813e-05  8.12127314e-01  9.97608813e-05  7.59270840e-01  9.97608813e-05  7.65967424e-01  9.97608813e-05  1.80000000e+00  9.97608813e-05 -4.38801268e-03  9.97608813e-05  7.62562299e-01  9.97608813e-05  1.18314495e+00  9.97608813e-05  1.18928593e+00                                 
 1.00960881e-04  8.12135354e-01  1.00960881e-04  7.59288749e-01  1.00960881e-04  7.66032937e-01  1.00960881e-04  1.80000000e+00  1.00960881e-04  4.40784668e-03  1.00960881e-04  7.62657574e-01  1.00960881e-04  1.18333443e+00  1.00960881e-04  1.18925476e+00                                 
 1.02001000e-04  8.12127308e-01  1.02001000e-04  7.59270839e-01  1.02001000e-04  7.65968141e-01  1.02001000e-04  1.80000000e+00  1.02001000e-04 -4.38779301e-03  1.02001000e-04  7.62562281e-01  1.02001000e-04  1.18311132e+00  1.02001000e-04  1.18925235e+00                                 
 1.02001100e-04  8.12096778e-01  1.02001100e-04  7.59046743e-01  1.02001100e-04  7.64020781e-01  1.02001100e-04  1.62000000e+00  1.02001100e-04 -4.09748001e-04  1.02001100e-04  7.60847688e-01  1.02001100e-04  1.18170017e+00  1.02001100e-04  1.18923596e+00                                 
 1.02001300e-04  8.12128158e-01  1.02001300e-04  7.59091019e-01  1.02001300e-04  7.64625125e-01  1.02001300e-04  1.26000000e+00  1.02001300e-04  3.05075421e-04  1.02001300e-04  7.61034027e-01  1.02001300e-04  1.18187022e+00  1.02001300e-04  1.18925160e+00                                 
 1.02001700e-04  8.12163637e-01  1.02001700e-04  7.59424872e-01  1.02001700e-04  7.67233434e-01  1.02001700e-04  5.40000000e-01  1.02001700e-04  8.26414799e-01  1.02001700e-04  7.63456679e-01  1.02001700e-04  1.18621659e+00  1.02001700e-04  1.18926014e+00                                 
 1.02002000e-04  8.12123282e-01  1.02002000e-04  7.58784108e-01  1.02002000e-04  7.81005613e-01  1.02002000e-04  0.00000000e+00  1.02002000e-04  1.75663436e+00  1.02002000e-04  7.56534474e-01  1.02002000e-04  1.10438855e+00  1.02002000e-04  1.18885935e+00                                 
 1.02002044e-04  8.12132218e-01  1.02002044e-04  7.58594771e-01  1.02002044e-04  7.82690525e-01  1.02002044e-04  0.00000000e+00  1.02002044e-04  1.78398377e+00  1.02002044e-04  7.54274626e-01  1.02002044e-04  1.07883506e+00  1.02002044e-04  1.18884348e+00                                 
 1.02002132e-04  8.12131652e-01  1.02002132e-04  7.58280012e-01  1.02002132e-04  7.83535196e-01  1.02002132e-04  0.00000000e+00  1.02002132e-04  1.80304099e+00  1.02002132e-04  7.50648037e-01  1.02002132e-04  1.02829407e+00  1.02002132e-04  1.18891195e+00                                 
 1.02002307e-04  8.12129845e-01  1.02002307e-04  7.58146222e-01  1.02002307e-04  7.81956406e-01  1.02002307e-04  0.00000000e+00  1.02002307e-04  1.79685314e+00  1.02002307e-04  7.49406210e-01  1.02002307e-04  9.43095117e-01  1.02002307e-04  1.18918513e+00                                 
 1.02002632e-04  8.12131211e-01  1.02002632e-04  7.58392938e-01  1.02002632e-04  7.77622664e-01  1.02002632e-04  0.00000000e+00  1.02002632e-04  1.80138648e+00  1.02002632e-04  7.52330251e-01  1.02002632e-04  8.37070869e-01  1.02002632e-04  1.18946827e+00                                 
 1.02003017e-04  8.12129629e-01  1.02003017e-04  7.58974874e-01  1.02003017e-04  7.70018990e-01  1.02003017e-04  0.00000000e+00  1.02003017e-04  1.79851368e+00  1.02003017e-04  7.58257704e-01  1.02003017e-04  7.82132439e-01  1.02003017e-04  1.18958721e+00                                 
 1.02003435e-04  8.12131603e-01  1.02003435e-04  7.59385327e-01  1.02003435e-04  7.67048874e-01  1.02003435e-04  0.00000000e+00  1.02003435e-04  1.80119784e+00  1.02003435e-04  7.61909033e-01  1.02003435e-04  7.69540037e-01  1.02003435e-04  1.18943677e+00                                 
 1.02003910e-04  8.12130126e-01  1.02003910e-04  7.59487100e-01  1.02003910e-04  7.66537367e-01  1.02003910e-04  0.00000000e+00  1.02003910e-04  1.79901942e+00  1.02003910e-04  7.62417009e-01  1.02003910e-04  7.66631707e-01  1.02003910e-04  1.18889218e+00                                 
 1.02004357e-04  8.12132019e-01  1.02004357e-04  7.59531077e-01  1.02004357e-04  7.66787855e-01  1.02004357e-04  0.00000000e+00  1.02004357e-04  1.80081858e+00  1.02004357e-04  7.62994046e-01  1.02004357e-04  7.66911331e-01  1.02004357e-04  1.18820088e+00                                 
 1.02005250e-04  8.12130460e-01  1.02005250e-04  7.59469934e-01  1.02005250e-04  7.67668023e-01  1.02005250e-04  0.00000000e+00  1.02005250e-04  1.79926627e+00  1.02005250e-04  7.62783344e-01  1.02005250e-04  7.67303208e-01  1.02005250e-04  1.18654202e+00                                 
 1.02006927e-04  8.12132219e-01  1.02006927e-04  7.59420704e-01  1.02006927e-04  7.69749807e-01  1.02006927e-04  0.00000000e+00  1.02006927e-04  1.80070851e+00  1.02006927e-04  7.63183737e-01  1.02006927e-04  7.69681743e-01  1.02006927e-04  1.18310626e+00                                 
 1.02010280e-04  8.12130488e-01  1.02010280e-04  7.59322349e-01  1.02010280e-04  7.74432305e-01  1.02010280e-04  0.00000000e+00  1.02010280e-04  1.79932113e+00  1.02010280e-04  7.62894110e-01  1.02010280e-04  7.73988034e-01  1.02010280e-04  1.17596925e+00                                 
 1.02016986e-04  8.12132177e-01  1.02016986e-04  7.59293723e-01  1.02016986e-04  7.84311330e-01  1.02016986e-04  0.00000000e+00  1.02016986e-04  1.80068266e+00  1.02016986e-04  7.63131674e-01  1.02016986e-04  7.84183712e-01  1.02016986e-04  1.16212504e+00                                 
 1.02030398e-04  8.12130484e-01  1.02030398e-04  7.59260541e-01  1.02030398e-04  8.03604519e-01  1.02030398e-04  0.00000000e+00  1.02030398e-04  1.79933360e+00  1.02030398e-04  7.62683062e-01  1.02030398e-04  8.03068645e-01  1.02030398e-04  1.13578637e+00                                 
 1.02057221e-04  8.12132179e-01  1.02057221e-04  7.59292710e-01  1.02057221e-04  8.39342089e-01  1.02057221e-04  0.00000000e+00  1.02057221e-04  1.80067535e+00  1.02057221e-04  7.62845667e-01  1.02057221e-04  8.39191051e-01  1.02057221e-04  1.08594759e+00                                 
 1.02110868e-04  8.12130486e-01  1.02110868e-04  7.59265836e-01  1.02110868e-04  9.00860384e-01  1.02110868e-04  0.00000000e+00  1.02110868e-04  1.79933487e+00  1.02110868e-04  7.62449986e-01  1.02110868e-04  8.99596012e-01  1.02110868e-04  1.00014804e+00                                 
 1.02186189e-04  8.12132179e-01  1.02186189e-04  7.59293495e-01  1.02186189e-04  9.68743822e-01  1.02186189e-04  0.00000000e+00  1.02186189e-04  1.80067121e+00  1.02186189e-04  7.62758759e-01  1.02186189e-04  9.68788984e-01  1.02186189e-04  9.57946087e-01                                 
 1.02265168e-04  8.12130486e-01  1.02265168e-04  7.59266287e-01  1.02265168e-04  1.02198879e+00  1.02265168e-04  0.00000000e+00  1.02265168e-04  1.79933402e+00  1.02265168e-04  7.62447304e-01  1.02265168e-04  1.02006000e+00  1.02265168e-04  9.95073121e-01                                 
 1.02345786e-04  8.12132179e-01  1.02345786e-04  7.59293188e-01  1.02345786e-04  1.06237447e+00  1.02345786e-04  0.00000000e+00  1.02345786e-04  1.80066846e+00  1.02345786e-04  7.62765215e-01  1.02345786e-04  1.06272477e+00  1.02345786e-04  1.04166838e+00                                 
 1.02439773e-04  8.12130486e-01  1.02439773e-04  7.59266485e-01  1.02439773e-04  1.09671310e+00  1.02439773e-04  0.00000000e+00  1.02439773e-04  1.79933413e+00  1.02439773e-04  7.62447136e-01  1.02439773e-04  1.09577100e+00  1.02439773e-04  1.08382102e+00                                 
 1.02627748e-04  8.12132179e-01  1.02627748e-04  7.59293078e-01  1.02627748e-04  1.13949421e+00  1.02627748e-04  0.00000000e+00  1.02627748e-04  1.80066676e+00  1.02627748e-04  7.62769188e-01  1.02627748e-04  1.13989305e+00  1.02627748e-04  1.13636827e+00                                 
 1.02883885e-04  8.12130486e-01  1.02883885e-04  7.59266531e-01  1.02883885e-04  1.16648405e+00  1.02883885e-04  0.00000000e+00  1.02883885e-04  1.79933390e+00  1.02883885e-04  7.62448642e-01  1.02883885e-04  1.16600740e+00  1.02883885e-04  1.16901525e+00                                 
 1.03191617e-04  8.12132179e-01  1.03191617e-04  7.59293138e-01  1.03191617e-04  1.17820994e+00  1.03191617e-04  0.00000000e+00  1.03191617e-04  1.80066822e+00  1.03191617e-04  7.62771411e-01  1.03191617e-04  1.17844034e+00  1.03191617e-04  1.18312881e+00                                 
 1.03582020e-04  8.12130486e-01  1.03582020e-04  7.59266559e-01  1.03582020e-04  1.18245475e+00  1.03582020e-04  0.00000000e+00  1.03582020e-04  1.79933407e+00  1.03582020e-04  7.62448975e-01  1.03582020e-04  1.18204650e+00  1.03582020e-04  1.18820603e+00                                 
 1.04123936e-04  8.12132180e-01  1.04123936e-04  7.59293134e-01  1.04123936e-04  1.18356390e+00  1.04123936e-04  0.00000000e+00  1.04123936e-04  1.80066837e+00  1.04123936e-04  7.62771780e-01  1.04123936e-04  1.18392403e+00  1.04123936e-04  1.18959333e+00                                 
 1.04992269e-04  8.12130486e-01  1.04992269e-04  7.59266574e-01  1.04992269e-04  1.18363078e+00  1.04992269e-04  0.00000000e+00  1.04992269e-04  1.79933421e+00  1.04992269e-04  7.62448965e-01  1.04992269e-04  1.18322862e+00  1.04992269e-04  1.18960708e+00                                 
 1.06192269e-04  8.12132179e-01  1.06192269e-04  7.59293123e-01  1.06192269e-04  1.18363430e+00  1.06192269e-04  0.00000000e+00  1.06192269e-04  1.80066826e+00  1.06192269e-04  7.62771812e-01  1.06192269e-04  1.18402762e+00  1.06192269e-04  1.18970890e+00                                 
 1.07392269e-04  8.12130486e-01  1.07392269e-04  7.59266582e-01  1.07392269e-04  1.18363969e+00  1.07392269e-04  0.00000000e+00  1.07392269e-04  1.79933429e+00  1.07392269e-04  7.62448941e-01  1.07392269e-04  1.18323853e+00  1.07392269e-04  1.18961655e+00                                 
 1.08000000e-04  8.12132179e-01  1.08000000e-04  7.59293043e-01  1.08000000e-04  1.18361442e+00  1.08000000e-04  0.00000000e+00  1.08000000e-04  1.80066647e+00  1.08000000e-04  7.62771295e-01  1.08000000e-04  1.18401192e+00  1.08000000e-04  1.18969648e+00                                 
 1.08000100e-04  8.12154253e-01  1.08000100e-04  7.59447896e-01  1.08000100e-04  1.18515394e+00  1.08000100e-04  1.80000000e-01  1.08000100e-04  1.80029359e+00  1.08000100e-04  7.64092900e-01  1.08000100e-04  1.18513827e+00  1.08000100e-04  1.18969823e+00                                 
 1.08000300e-04  8.12137863e-01  1.08000300e-04  7.59479370e-01  1.08000300e-04  1.18472906e+00  1.08000300e-04  5.40000000e-01  1.08000300e-04  1.79988307e+00  1.08000300e-04  7.64484372e-01  1.08000300e-04  1.18536471e+00  1.08000300e-04  1.18968127e+00                                 
 1.08000637e-04  8.12076357e-01  1.08000637e-04  7.59129243e-01  1.08000637e-04  1.18275777e+00  1.08000637e-04  1.14645729e+00  1.08000637e-04  1.81360682e+00  1.08000637e-04  7.62288381e-01  1.08000637e-04  1.19068886e+00  1.08000637e-04  1.18970595e+00                                 
 1.08001000e-04  8.12273295e-01  1.08001000e-04  7.59162272e-01  1.08001000e-04  1.17490205e+00  1.08001000e-04  1.80000000e+00  1.08001000e-04  7.19124800e-02  1.08001000e-04  7.60157774e-01  1.08001000e-04  1.18204029e+00  1.08001000e-04  1.18961258e+00                                 
 1.08001040e-04  8.12273373e-01  1.08001040e-04  7.59202955e-01  1.08001040e-04  1.17485731e+00  1.08001040e-04  1.80000000e+00  1.08001040e-04  1.27866200e-02  1.08001040e-04  7.61404053e-01  1.08001040e-04  1.18238214e+00  1.08001040e-04  1.18965242e+00                                 
 1.08001119e-04  8.12323459e-01  1.08001119e-04  7.59317105e-01  1.08001119e-04  1.17491305e+00  1.08001119e-04  1.80000000e+00  1.08001119e-04 -7.56622950e-03  1.08001119e-04  7.63144039e-01  1.08001119e-04  1.18369985e+00  1.08001119e-04  1.18968718e+00                                 
 1.08001279e-04  8.12374774e-01  1.08001279e-04  7.59290393e-01  1.08001279e-04  1.17381537e+00  1.08001279e-04  1.80000000e+00  1.08001279e-04  6.34728001e-03  1.08001279e-04  7.62595075e-01  1.08001279e-04  1.18340211e+00  1.08001279e-04  1.18966161e+00                                 
 1.08001583e-04  8.12347693e-01  1.08001583e-04  7.59283759e-01  1.08001583e-04  1.17364195e+00  1.08001583e-04  1.80000000e+00  1.08001583e-04 -5.55306741e-03  1.08001583e-04  7.62734915e-01  1.08001583e-04  1.18335745e+00  1.08001583e-04  1.18969698e+00                                 
 1.08001972e-04  8.12304506e-01  1.08001972e-04  7.59288287e-01  1.08001972e-04  1.17328690e+00  1.08001972e-04  1.80000000e+00  1.08001972e-04  5.15047002e-03  1.08001972e-04  7.62644903e-01  1.08001972e-04  1.18342527e+00  1.08001972e-04  1.18968148e+00                                 
 1.08002604e-04  8.12204936e-01  1.08002604e-04  7.59271435e-01  1.08002604e-04  1.17283858e+00  1.08002604e-04  1.80000000e+00  1.08002604e-04 -4.86981120e-03  1.08002604e-04  7.62623244e-01  1.08002604e-04  1.18326389e+00  1.08002604e-04  1.18970351e+00                                 
 1.08003451e-04  8.12150569e-01  1.08003451e-04  7.59285833e-01  1.08003451e-04  1.17177300e+00  1.08003451e-04  1.80000000e+00  1.08003451e-04  4.68527194e-03  1.08003451e-04  7.62660287e-01  1.08003451e-04  1.18342872e+00  1.08003451e-04  1.18968662e+00                                 
 1.08004980e-04  8.12099767e-01  1.08004980e-04  7.59269530e-01  1.08004980e-04  1.16937054e+00  1.08004980e-04  1.80000000e+00  1.08004980e-04 -4.58389917e-03  1.08004980e-04  7.62588057e-01  1.08004980e-04  1.18323343e+00  1.08004980e-04  1.18969696e+00                                 
 1.08007260e-04  8.12108384e-01  1.08007260e-04  7.59287000e-01  1.08007260e-04  1.16530987e+00  1.08007260e-04  1.80000000e+00  1.08007260e-04  4.52431167e-03  1.08007260e-04  7.62655824e-01  1.08007260e-04  1.18341962e+00  1.08007260e-04  1.18967072e+00                                 
 1.08011821e-04  8.12099249e-01  1.08011821e-04  7.59270155e-01  1.08011821e-04  1.15697585e+00  1.08011821e-04  1.80000000e+00  1.08011821e-04 -4.48140198e-03  1.08011821e-04  7.62563177e-01  1.08011821e-04  1.18321029e+00  1.08011821e-04  1.18965694e+00                                 
 1.08020450e-04  8.12125321e-01  1.08020450e-04  7.59288574e-01  1.08020450e-04  1.14030367e+00  1.08020450e-04  1.80000000e+00  1.08020450e-04  4.47879628e-03  1.08020450e-04  7.62644420e-01  1.08020450e-04  1.18340570e+00  1.08020450e-04  1.18959122e+00                                 
 1.08028914e-04  8.12126213e-01  1.08028914e-04  7.59270997e-01  1.08028914e-04  1.12203222e+00  1.08028914e-04  1.80000000e+00  1.08028914e-04 -4.44560438e-03  1.08028914e-04  7.62557703e-01  1.08028914e-04  1.18320223e+00  1.08028914e-04  1.18956172e+00                                 
 1.08038757e-04  8.12137284e-01  1.08038757e-04  7.59288764e-01  1.08038757e-04  1.10025272e+00  1.08038757e-04  1.80000000e+00  1.08038757e-04  4.44735805e-03  1.08038757e-04  7.62649348e-01  1.08038757e-04  1.18340618e+00  1.08038757e-04  1.18950649e+00                                 
 1.08050870e-04  8.12128455e-01  1.08050870e-04  7.59270913e-01  1.08050870e-04  1.07307991e+00  1.08050870e-04  1.80000000e+00  1.08050870e-04 -4.41897531e-03  1.08050870e-04  7.62559611e-01  1.08050870e-04  1.18320112e+00  1.08050870e-04  1.18947931e+00                                 
 1.08068454e-04  8.12136730e-01  1.08068454e-04  7.59288778e-01  1.08068454e-04  1.03398753e+00  1.08068454e-04  1.80000000e+00  1.08068454e-04  4.42733703e-03  1.08068454e-04  7.62654122e-01  1.08068454e-04  1.18340705e+00  1.08068454e-04  1.18942242e+00                                 
 1.08103622e-04  8.12127086e-01  1.08103622e-04  7.59270829e-01  1.08103622e-04  9.56581386e-01  1.08103622e-04  1.80000000e+00  1.08103622e-04 -4.40655953e-03  1.08103622e-04  7.62561822e-01  1.08103622e-04  1.18319987e+00  1.08103622e-04  1.18938401e+00                                 
 1.08173958e-04  8.12135982e-01  1.08173958e-04  7.59288769e-01  1.08173958e-04  8.27350471e-01  1.08173958e-04  1.80000000e+00  1.08173958e-04  4.42220760e-03  1.08173958e-04  7.62656208e-01  1.08173958e-04  1.18340518e+00  1.08173958e-04  1.18933236e+00                                 
 1.08239405e-04  8.12127050e-01  1.08239405e-04  7.59270845e-01  1.08239405e-04  7.71374082e-01  1.08239405e-04  1.80000000e+00  1.08239405e-04 -4.40097261e-03  1.08239405e-04  7.62564810e-01  1.08239405e-04  1.18319968e+00  1.08239405e-04  1.18934020e+00                                 
 1.08300088e-04  8.12135224e-01  1.08300088e-04  7.59288725e-01  1.08300088e-04  7.66060658e-01  1.08300088e-04  1.80000000e+00  1.08300088e-04  4.41861811e-03  1.08300088e-04  7.62656934e-01  1.08300088e-04  1.18340383e+00  1.08300088e-04  1.18932541e+00                                 
 1.08336770e-04  8.12127401e-01  1.08336770e-04  7.59270855e-01  1.08336770e-04  7.65921385e-01  1.08336770e-04  1.80000000e+00  1.08336770e-04 -4.39482816e-03  1.08336770e-04  7.62562856e-01  1.08336770e-04  1.18319660e+00  1.08336770e-04  1.18933765e+00                                 
 1.08389699e-04  8.12135259e-01  1.08389699e-04  7.59288738e-01  1.08389699e-04  7.66050773e-01  1.08389699e-04  1.80000000e+00  1.08389699e-04  4.41218990e-03  1.08389699e-04  7.62657260e-01  1.08389699e-04  1.18340266e+00  1.08389699e-04  1.18932329e+00                                 
 1.08495556e-04  8.12127380e-01  1.08495556e-04  7.59270847e-01  1.08495556e-04  7.65956747e-01  1.08495556e-04  1.80000000e+00  1.08495556e-04 -4.39081004e-03  1.08495556e-04  7.62562509e-01  1.08495556e-04  1.18319396e+00  1.08495556e-04  1.18933476e+00                                 
 1.08602502e-04  8.12135311e-01  1.08602502e-04  7.59288744e-01  1.08602502e-04  7.66038733e-01  1.08602502e-04  1.80000000e+00  1.08602502e-04  4.40958032e-03  1.08602502e-04  7.62657450e-01  1.08602502e-04  1.18339959e+00  1.08602502e-04  1.18931995e+00                                 
 1.08816393e-04  8.12127338e-01  1.08816393e-04  7.59270842e-01  1.08816393e-04  7.65964366e-01  1.08816393e-04  1.80000000e+00  1.08816393e-04 -4.38888503e-03  1.08816393e-04  7.62562368e-01  1.08816393e-04  1.18318905e+00  1.08816393e-04  1.18932995e+00                                 
 1.09139646e-04  8.12135337e-01  1.09139646e-04  7.59288747e-01  1.09139646e-04  7.66034956e-01  1.09139646e-04  1.80000000e+00  1.09139646e-04  4.40850129e-03  1.09139646e-04  7.62657527e-01  1.09139646e-04  1.18339160e+00  1.09139646e-04  1.18931191e+00                                 
 1.09650065e-04  8.12127322e-01  1.09650065e-04  7.59270841e-01  1.09650065e-04  7.65966622e-01  1.09650065e-04  1.80000000e+00  1.09650065e-04 -4.38825305e-03  1.09650065e-04  7.62562319e-01  1.09650065e-04  1.18317653e+00  1.09650065e-04  1.18931747e+00                                 
 1.10560882e-04  8.12135348e-01  1.10560882e-04  7.59288749e-01  1.10560882e-04  7.66033627e-01  1.10560882e-04  1.80000000e+00  1.10560882e-04  4.40807606e-03  1.10560882e-04  7.62657557e-01  1.10560882e-04  1.18337034e+00  1.10560882e-04  1.18929065e+00                                 
 1.11760882e-04  8.12127315e-01  1.11760882e-04  7.59270840e-01  1.11760882e-04  7.65967423e-01  1.11760882e-04  1.80000000e+00  1.11760882e-04 -4.38801322e-03  1.11760882e-04  7.62562300e-01  1.11760882e-04  1.18314491e+00  1.11760882e-04  1.18928589e+00                                 
 1.12960882e-04  8.12135353e-01  1.12960882e-04  7.59288749e-01  1.12960882e-04  7.66032937e-01  1.12960882e-04  1.80000000e+00  1.12960882e-04  4.40784722e-03  1.12960882e-04  7.62657574e-01  1.12960882e-04  1.18333439e+00  1.12960882e-04  1.18925472e+00                                 
 1.14001000e-04  8.12127308e-01  1.14001000e-04  7.59270839e-01  1.14001000e-04  7.65968140e-01  1.14001000e-04  1.80000000e+00  1.14001000e-04 -4.38779355e-03  1.14001000e-04  7.62562281e-01  1.14001000e-04  1.18311127e+00  1.14001000e-04  1.18925230e+00                                 
 1.14001100e-04  8.12096778e-01  1.14001100e-04  7.59046743e-01  1.14001100e-04  7.64020780e-01  1.14001100e-04  1.62000000e+00  1.14001100e-04 -4.09748036e-04  1.14001100e-04  7.60847688e-01  1.14001100e-04  1.18170011e+00  1.14001100e-04  1.18923591e+00                                 
 1.14001300e-04  8.12128158e-01  1.14001300e-04  7.59091019e-01  1.14001300e-04  7.64625124e-01  1.14001300e-04  1.26000000e+00  1.14001300e-04  3.05075452e-04  1.14001300e-04  7.61034027e-01  1.14001300e-04  1.18187017e+00  1.14001300e-04  1.18925155e+00                                 
 1.14001700e-04  8.12163638e-01  1.14001700e-04  7.59424872e-01  1.14001700e-04  7.67233433e-01  1.14001700e-04  5.40000000e-01  1.14001700e-04  8.26414809e-01  1.14001700e-04  7.63456679e-01  1.14001700e-04  1.18621653e+00  1.14001700e-04  1.18926009e+00                                 
 1.14002000e-04  8.12123282e-01  1.14002000e-04  7.58784109e-01  1.14002000e-04  7.81005610e-01  1.14002000e-04  0.00000000e+00  1.14002000e-04  1.75663436e+00  1.14002000e-04  7.56534476e-01  1.14002000e-04  1.10438851e+00  1.14002000e-04  1.18885930e+00                                 
 1.14002044e-04  8.12132218e-01  1.14002044e-04  7.58594771e-01  1.14002044e-04  7.82690523e-01  1.14002044e-04  0.00000000e+00  1.14002044e-04  1.78398377e+00  1.14002044e-04  7.54274628e-01  1.14002044e-04  1.07883502e+00  1.14002044e-04  1.18884343e+00                                 
 1.14002132e-04  8.12131652e-01  1.14002132e-04  7.58280012e-01  1.14002132e-04  7.83535194e-01  1.14002132e-04  0.00000000e+00  1.14002132e-04  1.80304099e+00  1.14002132e-04  7.50648039e-01  1.14002132e-04  1.02829403e+00  1.14002132e-04  1.18891190e+00                                 
 1.14002307e-04  8.12129845e-01  1.14002307e-04  7.58146222e-01  1.14002307e-04  7.81956404e-01  1.14002307e-04  0.00000000e+00  1.14002307e-04  1.79685314e+00  1.14002307e-04  7.49406211e-01  1.14002307e-04  9.43095087e-01  1.14002307e-04  1.18918508e+00                                 
 1.14002632e-04  8.12131211e-01  1.14002632e-04  7.58392938e-01  1.14002632e-04  7.77622661e-01  1.14002632e-04  0.00000000e+00  1.14002632e-04  1.80138648e+00  1.14002632e-04  7.52330252e-01  1.14002632e-04  8.37070852e-01  1.14002632e-04  1.18946822e+00                                 
 1.14003017e-04  8.12129629e-01  1.14003017e-04  7.58974874e-01  1.14003017e-04  7.70018989e-01  1.14003017e-04  0.00000000e+00  1.14003017e-04  1.79851368e+00  1.14003017e-04  7.58257705e-01  1.14003017e-04  7.82132436e-01  1.14003017e-04  1.18958715e+00                                 
 1.14003435e-04  8.12131603e-01  1.14003435e-04  7.59385327e-01  1.14003435e-04  7.67048873e-01  1.14003435e-04  0.00000000e+00  1.14003435e-04  1.80119784e+00  1.14003435e-04  7.61909034e-01  1.14003435e-04  7.69540036e-01  1.14003435e-04  1.18943672e+00                                 
 1.14003910e-04  8.12130126e-01  1.14003910e-04  7.59487100e-01  1.14003910e-04  7.66537366e-01  1.14003910e-04  0.00000000e+00  1.14003910e-04  1.79901942e+00  1.14003910e-04  7.62417009e-01  1.14003910e-04  7.66631706e-01  1.14003910e-04  1.18889213e+00                                 
 1.14004357e-04  8.12132019e-01  1.14004357e-04  7.59531077e-01  1.14004357e-04  7.66787854e-01  1.14004357e-04  0.00000000e+00  1.14004357e-04  1.80081858e+00  1.14004357e-04  7.62994046e-01  1.14004357e-04  7.66911330e-01  1.14004357e-04  1.18820083e+00                                 
 1.14005250e-04  8.12130460e-01  1.14005250e-04  7.59469934e-01  1.14005250e-04  7.67668022e-01  1.14005250e-04  0.00000000e+00  1.14005250e-04  1.79926627e+00  1.14005250e-04  7.62783344e-01  1.14005250e-04  7.67303207e-01  1.14005250e-04  1.18654197e+00                                 
 1.14006927e-04  8.12132219e-01  1.14006927e-04  7.59420704e-01  1.14006927e-04  7.69749807e-01  1.14006927e-04  0.00000000e+00  1.14006927e-04  1.80070851e+00  1.14006927e-04  7.63183736e-01  1.14006927e-04  7.69681743e-01  1.14006927e-04  1.18310621e+00                                 
 1.14010280e-04  8.12130488e-01  1.14010280e-04  7.59322349e-01  1.14010280e-04  7.74432305e-01  1.14010280e-04  0.00000000e+00  1.14010280e-04  1.79932113e+00  1.14010280e-04  7.62894110e-01  1.14010280e-04  7.73988034e-01  1.14010280e-04  1.17596919e+00                                 
 1.14016986e-04  8.12132177e-01  1.14016986e-04  7.59293724e-01  1.14016986e-04  7.84311331e-01  1.14016986e-04  0.00000000e+00  1.14016986e-04  1.80068266e+00  1.14016986e-04  7.63131674e-01  1.14016986e-04  7.84183713e-01  1.14016986e-04  1.16212498e+00                                 
 1.14030398e-04  8.12130484e-01  1.14030398e-04  7.59260541e-01  1.14030398e-04  8.03604522e-01  1.14030398e-04  0.00000000e+00  1.14030398e-04  1.79933360e+00  1.14030398e-04  7.62683062e-01  1.14030398e-04  8.03068648e-01  1.14030398e-04  1.13578631e+00                                 
 1.14057221e-04  8.12132179e-01  1.14057221e-04  7.59292710e-01  1.14057221e-04  8.39342095e-01  1.14057221e-04  0.00000000e+00  1.14057221e-04  1.80067535e+00  1.14057221e-04  7.62845667e-01  1.14057221e-04  8.39191057e-01  1.14057221e-04  1.08594753e+00                                 
 1.14110868e-04  8.12130486e-01  1.14110868e-04  7.59265836e-01  1.14110868e-04  9.00860394e-01  1.14110868e-04  0.00000000e+00  1.14110868e-04  1.79933487e+00  1.14110868e-04  7.62449986e-01  1.14110868e-04  8.99596022e-01  1.14110868e-04  1.00014799e+00                                 
 1.14186189e-04  8.12132179e-01  1.14186189e-04  7.59293495e-01  1.14186189e-04  9.68743832e-01  1.14186189e-04  0.00000000e+00  1.14186189e-04  1.80067121e+00  1.14186189e-04  7.62758758e-01  1.14186189e-04  9.68788993e-01  1.14186189e-04  9.57946069e-01                                 
 1.14265168e-04  8.12130486e-01  1.14265168e-04  7.59266287e-01  1.14265168e-04  1.02198880e+00  1.14265168e-04  0.00000000e+00  1.14265168e-04  1.79933402e+00  1.14265168e-04  7.62447305e-01  1.14265168e-04  1.02006001e+00  1.14265168e-04  9.95073125e-01                                 
 1.14345786e-04  8.12132179e-01  1.14345786e-04  7.59293188e-01  1.14345786e-04  1.06237447e+00  1.14345786e-04  0.00000000e+00  1.14345786e-04  1.80066846e+00  1.14345786e-04  7.62765214e-01  1.14345786e-04  1.06272478e+00  1.14345786e-04  1.04166839e+00                                 
 1.14439773e-04  8.12130486e-01  1.14439773e-04  7.59266485e-01  1.14439773e-04  1.09671311e+00  1.14439773e-04  0.00000000e+00  1.14439773e-04  1.79933413e+00  1.14439773e-04  7.62447135e-01  1.14439773e-04  1.09577101e+00  1.14439773e-04  1.08382102e+00                                 
 1.14627748e-04  8.12132179e-01  1.14627748e-04  7.59293078e-01  1.14627748e-04  1.13949422e+00  1.14627748e-04  0.00000000e+00  1.14627748e-04  1.80066676e+00  1.14627748e-04  7.62769188e-01  1.14627748e-04  1.13989306e+00  1.14627748e-04  1.13636828e+00                                 
 1.14883885e-04  8.12130486e-01  1.14883885e-04  7.59266531e-01  1.14883885e-04  1.16648406e+00  1.14883885e-04  0.00000000e+00  1.14883885e-04  1.79933390e+00  1.14883885e-04  7.62448642e-01  1.14883885e-04  1.16600741e+00  1.14883885e-04  1.16901525e+00                                 
 1.15191617e-04  8.12132179e-01  1.15191617e-04  7.59293138e-01  1.15191617e-04  1.17820995e+00  1.15191617e-04  0.00000000e+00  1.15191617e-04  1.80066822e+00  1.15191617e-04  7.62771411e-01  1.15191617e-04  1.17844034e+00  1.15191617e-04  1.18312882e+00                                 
 1.15582020e-04  8.12130486e-01  1.15582020e-04  7.59266559e-01  1.15582020e-04  1.18245475e+00  1.15582020e-04  0.00000000e+00  1.15582020e-04  1.79933407e+00  1.15582020e-04  7.62448974e-01  1.15582020e-04  1.18204650e+00  1.15582020e-04  1.18820603e+00                                 
 1.16123936e-04  8.12132179e-01  1.16123936e-04  7.59293133e-01  1.16123936e-04  1.18356388e+00  1.16123936e-04  0.00000000e+00  1.16123936e-04  1.80066837e+00  1.16123936e-04  7.62771779e-01  1.16123936e-04  1.18392401e+00  1.16123936e-04  1.18959331e+00                                 
 1.16992269e-04  8.12130486e-01  1.16992269e-04  7.59266574e-01  1.16992269e-04  1.18363076e+00  1.16992269e-04  0.00000000e+00  1.16992269e-04  1.79933421e+00  1.16992269e-04  7.62448965e-01  1.16992269e-04  1.18322860e+00  1.16992269e-04  1.18960706e+00                                 
 1.18192269e-04  8.12132179e-01  1.18192269e-04  7.59293122e-01  1.18192269e-04  1.18363433e+00  1.18192269e-04  0.00000000e+00  1.18192269e-04  1.80066826e+00  1.18192269e-04  7.62771811e-01  1.18192269e-04  1.18402765e+00  1.18192269e-04  1.18970893e+00                                 
 1.19392269e-04  8.12130486e-01  1.19392269e-04  7.59266581e-01  1.19392269e-04  1.18363974e+00  1.19392269e-04  0.00000000e+00  1.19392269e-04  1.79933429e+00  1.19392269e-04  7.62448940e-01  1.19392269e-04  1.18323857e+00  1.19392269e-04  1.18961659e+00                                 
 1.20000000e-04  8.12132179e-01  1.20000000e-04  7.59293044e-01  1.20000000e-04  1.18361445e+00  1.20000000e-04  0.00000000e+00  1.20000000e-04  1.80066647e+00  1.20000000e-04  7.62771295e-01  1.20000000e-04  1.18401195e+00  1.20000000e-04  1.18969650e+00                                 
