 time            v(vbep)         time            v(vben)         time            v(vout)         time            v(vphi1)        time            v(vphi2)        time            v(vref)         time            v(voutc)        time            v(voutcc)       yes             currtemp       
 0.00000000e+00  6.86849114e-01  0.00000000e+00  6.16195926e-01  0.00000000e+00  1.42292472e+00  0.00000000e+00  0.00000000e+00  0.00000000e+00  1.79999999e+00  0.00000000e+00  6.15672712e-01  0.00000000e+00  1.42292471e+00  0.00000000e+00  1.43103624e+00  1.00000000e+00  8.40000000e+01 
 1.00000000e-11  6.86874332e-01  1.00000000e-11  6.16269006e-01  1.00000000e-11  1.42366811e+00  1.00000000e-11  1.80000000e-02  1.00000000e-11  1.80025121e+00  1.00000000e-11  6.16197952e-01  1.00000000e-11  1.42338693e+00  1.00000000e-11  1.43105005e+00                                 
 2.00000000e-11  6.86881054e-01  2.00000000e-11  6.16313604e-01  2.00000000e-11  1.42410714e+00  2.00000000e-11  3.60000000e-02  2.00000000e-11  1.80034793e+00  2.00000000e-11  6.16584360e-01  2.00000000e-11  1.42373117e+00  2.00000000e-11  1.43105487e+00                                 
 4.00000000e-11  6.86880848e-01  4.00000000e-11  6.16371161e-01  4.00000000e-11  1.42461258e+00  4.00000000e-11  7.20000000e-02  4.00000000e-11  1.80038024e+00  4.00000000e-11  6.17146434e-01  4.00000000e-11  1.42423748e+00  4.00000000e-11  1.43105608e+00                                 
 8.00000000e-11  6.86869148e-01  8.00000000e-11  6.16405486e-01  8.00000000e-11  1.42465942e+00  8.00000000e-11  1.44000000e-01  8.00000000e-11  1.80017414e+00  8.00000000e-11  6.17579870e-01  8.00000000e-11  1.42463317e+00  8.00000000e-11  1.43104590e+00                                 
 1.60000000e-10  6.86866414e-01  1.60000000e-10  6.16412700e-01  1.60000000e-10  1.42432654e+00  1.60000000e-10  2.88000000e-01  1.60000000e-10  1.80000479e+00  1.60000000e-10  6.17675962e-01  1.60000000e-10  1.42466939e+00  1.60000000e-10  1.43103704e+00                                 
 3.20000000e-10  6.86861190e-01  3.20000000e-10  6.16399356e-01  3.20000000e-10  1.42395857e+00  3.20000000e-10  5.76000000e-01  3.20000000e-10  1.79998071e+00  3.20000000e-10  6.17516302e-01  3.20000000e-10  1.42432644e+00  3.20000000e-10  1.43103172e+00                                 
 6.40000000e-10  6.86779909e-01  6.40000000e-10  6.15920853e-01  6.40000000e-10  1.42233494e+00  6.40000000e-10  1.15200000e+00  6.40000000e-10  1.80745894e+00  6.40000000e-10  6.14130585e-01  6.40000000e-10  1.42666279e+00  6.40000000e-10  1.43105073e+00                                 
 1.00000000e-09  6.87302778e-01  1.00000000e-09  6.16435197e-01  1.00000000e-09  1.40432897e+00  1.00000000e-09  1.80000000e+00  1.00000000e-09  1.14264338e-01  1.00000000e-09  6.31036758e-01  1.00000000e-09  1.43431305e+00  1.00000000e-09  1.43107822e+00                                 
 1.03803747e-09  6.87387826e-01  1.03803747e-09  6.16416056e-01  1.03803747e-09  1.40253535e+00  1.03803747e-09  1.80000000e+00  1.03803747e-09  2.79608143e-02  1.03803747e-09  6.33932634e-01  1.03803747e-09  1.43579172e+00  1.03803747e-09  1.43108752e+00                                 
 1.11411240e-09  6.87576491e-01  1.11411240e-09  6.16412703e-01  1.11411240e-09  1.40028745e+00  1.11411240e-09  1.80000000e+00  1.11411240e-09 -1.25848782e-02  1.11411240e-09  6.37383214e-01  1.11411240e-09  1.43841459e+00  1.11411240e-09  1.43109256e+00                                 
 1.26626227e-09  6.87700963e-01  1.26626227e-09  6.16244129e-01  1.26626227e-09  1.39693448e+00  1.26626227e-09  1.80000000e+00  1.26626227e-09  9.70496089e-03  1.26626227e-09  6.36608314e-01  1.26626227e-09  1.43805595e+00  1.26626227e-09  1.43105207e+00                                 
 1.45067409e-09  6.87655556e-01  1.45067409e-09  6.16237323e-01  1.45067409e-09  1.39587232e+00  1.45067409e-09  1.80000000e+00  1.45067409e-09 -7.34469937e-03  1.45067409e-09  6.35275052e-01  1.45067409e-09  1.43668696e+00  1.45067409e-09  1.43109806e+00                                 
 1.65625240e-09  6.87537299e-01  1.65625240e-09  6.16236961e-01  1.65625240e-09  1.39542898e+00  1.65625240e-09  1.80000000e+00  1.65625240e-09  5.92945204e-03  1.65625240e-09  6.33439928e-01  1.65625240e-09  1.43531217e+00  1.65625240e-09  1.43114798e+00                                 
 2.02363584e-09  6.87268565e-01  2.02363584e-09  6.16201331e-01  2.02363584e-09  1.39462486e+00  2.02363584e-09  1.80000000e+00  2.02363584e-09 -5.26512463e-03  2.02363584e-09  6.30343256e-01  2.02363584e-09  1.43249910e+00  2.02363584e-09  1.43130556e+00                                 
 2.62109990e-09  6.86974551e-01  2.62109990e-09  6.16211158e-01  2.62109990e-09  1.39329043e+00  2.62109990e-09  1.80000000e+00  2.62109990e-09  4.84493326e-03  2.62109990e-09  6.26352612e-01  2.62109990e-09  1.42923628e+00  2.62109990e-09  1.43155125e+00                                 
 3.61408414e-09  6.86722417e-01  3.61408414e-09  6.16167174e-01  3.61408414e-09  1.38941936e+00  3.61408414e-09  1.80000000e+00  3.61408414e-09 -4.66524926e-03  3.61408414e-09  6.21107297e-01  3.61408414e-09  1.42461444e+00  3.61408414e-09  1.43187848e+00                                 
 5.04638475e-09  6.86646268e-01  5.04638475e-09  6.16186752e-01  5.04638475e-09  1.38290766e+00  5.04638475e-09  1.80000000e+00  5.04638475e-09  4.50476864e-03  5.04638475e-09  6.17031384e-01  5.04638475e-09  1.42127957e+00  5.04638475e-09  1.43205618e+00                                 
 6.30554154e-09  6.86645821e-01  6.30554154e-09  6.16159023e-01  6.30554154e-09  1.37568601e+00  6.30554154e-09  1.80000000e+00  6.30554154e-09 -4.35629612e-03  6.30554154e-09  6.14985960e-01  6.30554154e-09  1.41940668e+00  6.30554154e-09  1.43199541e+00                                 
 7.54591046e-09  6.86693627e-01  7.54591046e-09  6.16192205e-01  7.54591046e-09  1.36797966e+00  7.54591046e-09  1.80000000e+00  7.54591046e-09  4.20362600e-03  7.54591046e-09  6.14308391e-01  7.54591046e-09  1.41895828e+00  7.54591046e-09  1.43181142e+00                                 
 8.86488129e-09  6.86723890e-01  8.86488129e-09  6.16167679e-01  8.86488129e-09  1.35834931e+00  8.86488129e-09  1.80000000e+00  8.86488129e-09 -4.06316818e-03  8.86488129e-09  6.13673820e-01  8.86488129e-09  1.41828746e+00  8.86488129e-09  1.43156307e+00                                 
 1.06784262e-08  6.86786187e-01  1.06784262e-08  6.16203078e-01  1.06784262e-08  1.34443427e+00  1.06784262e-08  1.80000000e+00  1.06784262e-08  3.97173566e-03  1.06784262e-08  6.13757096e-01  1.06784262e-08  1.41846870e+00  1.06784262e-08  1.43118929e+00                                 
 1.28578117e-08  6.86814952e-01  1.28578117e-08  6.16177334e-01  1.28578117e-08  1.32607902e+00  1.28578117e-08  1.80000000e+00  1.28578117e-08 -3.88510947e-03  1.28578117e-08  6.13632488e-01  1.28578117e-08  1.41822589e+00  1.28578117e-08  1.43075790e+00                                 
 1.58825142e-08  6.86856155e-01  1.58825142e-08  6.16210147e-01  1.58825142e-08  1.30005278e+00  1.58825142e-08  1.80000000e+00  1.58825142e-08  3.83846824e-03  1.58825142e-08  6.14136490e-01  1.58825142e-08  1.41875042e+00  1.58825142e-08  1.43022673e+00                                 
 1.98827125e-08  6.86855726e-01  1.98827125e-08  6.16181326e-01  1.98827125e-08  1.26432657e+00  1.98827125e-08  1.80000000e+00  1.98827125e-08 -3.78705840e-03  1.98827125e-08  6.14257265e-01  1.98827125e-08  1.41871326e+00  1.98827125e-08  1.42966258e+00                                 
 2.65357065e-08  6.86867458e-01  2.65357065e-08  6.16211922e-01  2.65357065e-08  1.20509683e+00  2.65357065e-08  1.80000000e+00  2.65357065e-08  3.77233603e-03  2.65357065e-08  6.14936991e-01  2.65357065e-08  1.41938289e+00  2.65357065e-08  1.42899901e+00                                 
 3.67935090e-08  6.86848946e-01  3.67935090e-08  6.16181526e-01  3.67935090e-08  1.11362424e+00  3.67935090e-08  1.80000000e+00  3.67935090e-08 -3.74616398e-03  3.67935090e-08  6.15116221e-01  3.67935090e-08  1.41940310e+00  3.67935090e-08  1.42842672e+00                                 
 5.27406246e-08  6.86856048e-01  5.27406246e-08  6.16211256e-01  5.27406246e-08  9.73845034e-01  5.27406246e-08  1.80000000e+00  5.27406246e-08  3.74674113e-03  5.27406246e-08  6.15643026e-01  5.27406246e-08  1.41995952e+00  5.27406246e-08  1.42808252e+00                                 
 8.46348556e-08  6.86843596e-01  8.46348556e-08  6.16180720e-01  8.46348556e-08  7.20319092e-01  8.46348556e-08  1.80000000e+00  8.46348556e-08 -3.72690567e-03  8.46348556e-08  6.15546488e-01  8.46348556e-08  1.41976269e+00  8.46348556e-08  1.42798923e+00                                 
 1.10356088e-07  6.86859328e-01  1.10356088e-07  6.16211656e-01  1.10356088e-07  6.23055855e-01  1.10356088e-07  1.80000000e+00  1.10356088e-07  3.74635197e-03  1.10356088e-07  6.15804814e-01  1.10356088e-07  1.42009761e+00  1.10356088e-07  1.42802930e+00                                 
 1.36502882e-07  6.86835299e-01  1.36502882e-07  6.16179946e-01  1.36502882e-07  6.15816906e-01  1.36502882e-07  1.80000000e+00  1.36502882e-07 -3.70939842e-03  1.36502882e-07  6.15550712e-01  1.36502882e-07  1.41976646e+00  1.36502882e-07  1.42804336e+00                                 
 1.49179464e-07  6.86860268e-01  1.49179464e-07  6.16211833e-01  1.49179464e-07  6.15311808e-01  1.49179464e-07  1.80000000e+00  1.49179464e-07  3.72840487e-03  1.49179464e-07  6.15796487e-01  1.49179464e-07  1.42008932e+00  1.49179464e-07  1.42804277e+00                                 
 1.69166642e-07  6.86838898e-01  1.69166642e-07  6.16179995e-01  1.69166642e-07  6.15252729e-01  1.69166642e-07  1.80000000e+00  1.69166642e-07 -3.68927519e-03  1.69166642e-07  6.15549927e-01  1.69166642e-07  1.41976501e+00  1.69166642e-07  1.42804297e+00                                 
 2.09140999e-07  6.86858794e-01  2.09140999e-07  6.16211833e-01  2.09140999e-07  6.15110646e-01  2.09140999e-07  1.80000000e+00  2.09140999e-07  3.71665499e-03  2.09140999e-07  6.15795536e-01  2.09140999e-07  1.42008641e+00  2.09140999e-07  1.42804081e+00                                 
 2.63656527e-07  6.86839780e-01  2.63656527e-07  6.16180016e-01  2.63656527e-07  6.15163868e-01  2.63656527e-07  1.80000000e+00  2.63656527e-07 -3.68253596e-03  2.63656527e-07  6.15549872e-01  2.63656527e-07  1.41976206e+00  2.63656527e-07  1.42803958e+00                                 
 3.72687582e-07  6.86858283e-01  3.72687582e-07  6.16211821e-01  3.72687582e-07  6.15118332e-01  3.72687582e-07  1.80000000e+00  3.72687582e-07  3.71235050e-03  3.72687582e-07  6.15795499e-01  3.72687582e-07  1.42008115e+00  3.72687582e-07  1.42803560e+00                                 
 5.90749693e-07  6.86840024e-01  5.90749693e-07  6.16180022e-01  5.90749693e-07  6.15153384e-01  5.90749693e-07  1.80000000e+00  5.90749693e-07 -3.68038811e-03  5.90749693e-07  6.15549891e-01  5.90749693e-07  1.41975177e+00  5.90749693e-07  1.42802925e+00                                 
 9.86020984e-07  6.86858160e-01  9.86020984e-07  6.16211818e-01  9.86020984e-07  6.15116574e-01  9.86020984e-07  1.80000000e+00  9.86020984e-07  3.71123793e-03  9.86020984e-07  6.15795490e-01  9.86020984e-07  1.42006174e+00  9.86020984e-07  1.42801623e+00                                 
 1.77656357e-06  6.86840088e-01  1.77656357e-06  6.16180023e-01  1.77656357e-06  6.15151025e-01  1.77656357e-06  1.80000000e+00  1.77656357e-06 -3.67979915e-03  1.77656357e-06  6.15549895e-01  1.77656357e-06  1.41971430e+00  1.77656357e-06  1.42799181e+00                                 
 2.97656357e-06  6.86858125e-01  2.97656357e-06  6.16211817e-01  2.97656357e-06  6.15118193e-01  2.97656357e-06  1.80000000e+00  2.97656357e-06  3.71091009e-03  2.97656357e-06  6.15795487e-01  2.97656357e-06  1.41999876e+00  2.97656357e-06  1.42795335e+00                                 
 4.17656357e-06  6.86840116e-01  4.17656357e-06  6.16180024e-01  4.17656357e-06  6.15151654e-01  4.17656357e-06  1.80000000e+00  4.17656357e-06 -3.67955590e-03  4.17656357e-06  6.15549897e-01  4.17656357e-06  1.41963833e+00  4.17656357e-06  1.42791592e+00                                 
 5.37656357e-06  6.86858097e-01  5.37656357e-06  6.16211817e-01  5.37656357e-06  6.15119804e-01  5.37656357e-06  1.80000000e+00  5.37656357e-06  3.71064969e-03  5.37656357e-06  6.15795486e-01  5.37656357e-06  1.41992280e+00  5.37656357e-06  1.42787748e+00                                 
 6.00100000e-06  6.86840157e-01  6.00100000e-06  6.16180025e-01  6.00100000e-06  6.15150661e-01  6.00100000e-06  1.80000000e+00  6.00100000e-06 -3.67918047e-03  6.00100000e-06  6.15549901e-01  6.00100000e-06  1.41958063e+00  6.00100000e-06  1.42785828e+00                                 
 6.00110000e-06  6.86795743e-01  6.00110000e-06  6.15957770e-01  6.00110000e-06  6.13530136e-01  6.00110000e-06  1.62000000e+00  6.00110000e-06 -4.40175755e-04  6.00110000e-06  6.14163405e-01  6.00110000e-06  1.41844672e+00  6.00110000e-06  1.42784924e+00                                 
 6.00130000e-06  6.86830782e-01  6.00130000e-06  6.15951414e-01  6.00130000e-06  6.13430931e-01  6.00130000e-06  1.26000000e+00  6.00130000e-06  2.83070883e-04  6.00130000e-06  6.13818719e-01  6.00130000e-06  1.41816395e+00  6.00130000e-06  1.42786143e+00                                 
 6.00164505e-06  6.86899437e-01  6.00164505e-06  6.16167640e-01  6.00164505e-06  6.15507599e-01  6.00164505e-06  6.38909392e-01  6.00164505e-06  6.04952357e-03  6.00164505e-06  6.14257879e-01  6.00164505e-06  1.41543523e+00  6.00164505e-06  1.42784175e+00                                 
 6.00200000e-06  6.86831094e-01  6.00200000e-06  6.14852026e-01  6.00200000e-06  6.47201384e-01  6.00200000e-06  0.00000000e+00  6.00200000e-06  1.60768993e+00  6.00200000e-06  6.00474203e-01  6.00200000e-06  1.20911381e+00  6.00200000e-06  1.42726734e+00                                 
 6.00204193e-06  6.86847558e-01  6.00204193e-06  6.14249732e-01  6.00204193e-06  6.55474033e-01  6.00204193e-06  0.00000000e+00  6.00204193e-06  1.72560553e+00  6.00204193e-06  5.93649849e-01  6.00204193e-06  1.14096189e+00  6.00204193e-06  1.42725268e+00                                 
 6.00212580e-06  6.86850597e-01  6.00212580e-06  6.13301620e-01  6.00212580e-06  6.61858201e-01  6.00212580e-06  0.00000000e+00  6.00212580e-06  1.81313627e+00  6.00212580e-06  5.83014236e-01  6.00212580e-06  1.00292418e+00  6.00212580e-06  1.42763725e+00                                 
 6.00229354e-06  6.86846165e-01  6.00229354e-06  6.13369414e-01  6.00229354e-06  6.50259795e-01  6.00229354e-06  0.00000000e+00  6.00229354e-06  1.78913913e+00  6.00229354e-06  5.84174781e-01  6.00229354e-06  7.95280854e-01  6.00229354e-06  1.42815741e+00                                 
 6.00246280e-06  6.86849010e-01  6.00246280e-06  6.14449471e-01  6.00246280e-06  6.36029537e-01  6.00246280e-06  0.00000000e+00  6.00246280e-06  1.80432319e+00  6.00246280e-06  5.95969557e-01  6.00246280e-06  6.91124243e-01  6.00246280e-06  1.42822405e+00                                 
 6.00263944e-06  6.86846006e-01  6.00263944e-06  6.15369020e-01  6.00263944e-06  6.24755177e-01  6.00263944e-06  0.00000000e+00  6.00263944e-06  1.79718813e+00  6.00263944e-06  6.04959817e-01  6.00263944e-06  6.43805386e-01  6.00263944e-06  1.42825790e+00                                 
 6.00284082e-06  6.86848950e-01  6.00284082e-06  6.16107023e-01  6.00284082e-06  6.19089746e-01  6.00284082e-06  0.00000000e+00  6.00284082e-06  1.80178544e+00  6.00284082e-06  6.11876331e-01  6.00284082e-06  6.25919618e-01  6.00284082e-06  1.42754305e+00                                 
 6.00304618e-06  6.86846709e-01  6.00304618e-06  6.16401309e-01  6.00304618e-06  6.16961770e-01  6.00304618e-06  0.00000000e+00  6.00304618e-06  1.79899286e+00  6.00304618e-06  6.14164545e-01  6.00304618e-06  6.19058895e-01  6.00304618e-06  1.42659041e+00                                 
 6.00331747e-06  6.86849253e-01  6.00331747e-06  6.16611286e-01  6.00331747e-06  6.16323510e-01  6.00331747e-06  0.00000000e+00  6.00331747e-06  1.80075739e+00  6.00331747e-06  6.16052073e-01  6.00331747e-06  6.17019985e-01  6.00331747e-06  1.42490005e+00                                 
 6.00371906e-06  6.86847473e-01  6.00371906e-06  6.16635956e-01  6.00371906e-06  6.16940286e-01  6.00371906e-06  0.00000000e+00  6.00371906e-06  1.79944408e+00  6.00371906e-06  6.16376563e-01  6.00371906e-06  6.16614764e-01  6.00371906e-06  1.42223273e+00                                 
 6.00436307e-06  6.86849733e-01  6.00436307e-06  6.16628244e-01  6.00436307e-06  6.18585966e-01  6.00436307e-06  0.00000000e+00  6.00436307e-06  1.80050318e+00  6.00436307e-06  6.16901576e-01  6.00436307e-06  6.18491956e-01  6.00436307e-06  1.41750346e+00                                 
 6.00543092e-06  6.86848019e-01  6.00543092e-06  6.16530278e-01  6.00543092e-06  6.21805192e-01  6.00543092e-06  0.00000000e+00  6.00543092e-06  1.79956803e+00  6.00543092e-06  6.16734921e-01  6.00543092e-06  6.21349016e-01  6.00543092e-06  1.40931252e+00                                 
 6.00756661e-06  6.86850009e-01  6.00756661e-06  6.16410057e-01  6.00756661e-06  6.28208831e-01  6.00756661e-06  0.00000000e+00  6.00756661e-06  1.80043752e+00  6.00756661e-06  6.16944935e-01  6.00756661e-06  6.28053886e-01  6.00756661e-06  1.39191578e+00                                 
 6.01183800e-06  6.86848185e-01  6.01183800e-06  6.16215879e-01  6.01183800e-06  6.41044521e-01  6.01183800e-06  0.00000000e+00  6.01183800e-06  1.79959737e+00  6.01183800e-06  6.16470734e-01  6.01183800e-06  6.40548492e-01  6.01183800e-06  1.35590107e+00                                 
 6.01894645e-06  6.86850029e-01  6.01894645e-06  6.16184291e-01  6.01894645e-06  6.61603676e-01  6.01894645e-06  0.00000000e+00  6.01894645e-06  1.80042113e+00  6.01894645e-06  6.16391371e-01  6.01894645e-06  6.61415350e-01  6.01894645e-06  1.29460759e+00                                 
 6.03278367e-06  6.86848192e-01  6.03278367e-06  6.16179909e-01  6.03278367e-06  6.99875976e-01  6.03278367e-06  0.00000000e+00  6.03278367e-06  1.79960510e+00  6.03278367e-06  6.15777035e-01  6.03278367e-06  6.99297004e-01  6.03278367e-06  1.17419939e+00                                 
 6.04699259e-06  6.86850031e-01  6.04699259e-06  6.16202013e-01  6.04699259e-06  7.36410609e-01  6.04699259e-06  0.00000000e+00  6.04699259e-06  1.80041383e+00  6.04699259e-06  6.15872885e-01  6.04699259e-06  7.36215442e-01  6.04699259e-06  1.06045085e+00                                 
 6.06577187e-06  6.86848197e-01  6.06577187e-06  6.16185834e-01  6.06577187e-06  7.81055820e-01  6.06577187e-06  0.00000000e+00  6.06577187e-06  1.79960815e+00  6.06577187e-06  6.15562778e-01  6.06577187e-06  7.80290981e-01  6.06577187e-06  9.33606480e-01                                 
 6.09635248e-06  6.86850030e-01  6.09635248e-06  6.16205510e-01  6.09635248e-06  8.45024935e-01  6.09635248e-06  0.00000000e+00  6.09635248e-06  1.80040774e+00  6.09635248e-06  6.15784557e-01  6.09635248e-06  8.44861335e-01  6.09635248e-06  8.42779529e-01                                 
 6.12522797e-06  6.86848199e-01  6.12522797e-06  6.16186201e-01  6.12522797e-06  8.96692086e-01  6.12522797e-06  0.00000000e+00  6.12522797e-06  1.79960770e+00  6.12522797e-06  6.15541082e-01  6.12522797e-06  8.95635391e-01  6.12522797e-06  8.71520236e-01                                 
 6.14088230e-06  6.86850028e-01  6.14088230e-06  6.16206002e-01  6.14088230e-06  9.21306785e-01  6.14088230e-06  0.00000000e+00  6.14088230e-06  1.80040374e+00  6.14088230e-06  6.15788423e-01  6.14088230e-06  9.21239668e-01  6.14088230e-06  8.97329985e-01                                 
 6.15679151e-06  6.86848202e-01  6.15679151e-06  6.16185563e-01  6.15679151e-06  9.44373581e-01  6.15679151e-06  0.00000000e+00  6.15679151e-06  1.79961109e+00  6.15679151e-06  6.15538186e-01  6.15679151e-06  9.43188730e-01  6.15679151e-06  9.21524337e-01                                 
 6.18774711e-06  6.86850025e-01  6.18774711e-06  6.16206488e-01  6.18774711e-06  9.83492974e-01  6.18774711e-06  0.00000000e+00  6.18774711e-06  1.80039687e+00  6.18774711e-06  6.15793546e-01  6.18774711e-06  9.83462658e-01  6.18774711e-06  9.63943315e-01                                 
 6.24965831e-06  6.86848203e-01  6.24965831e-06  6.16185299e-01  6.24965831e-06  1.04400574e+00  6.24965831e-06  0.00000000e+00  6.24965831e-06  1.79961024e+00  6.24965831e-06  6.15539295e-01  6.24965831e-06  1.04288147e+00  6.24965831e-06  1.03104952e+00                                 
 6.37348070e-06  6.86850024e-01  6.37348070e-06  6.16206609e-01  6.37348070e-06  1.11560455e+00  6.37348070e-06  0.00000000e+00  6.37348070e-06  1.80039283e+00  6.37348070e-06  6.15798993e-01  6.37348070e-06  1.11597216e+00  6.37348070e-06  1.11366660e+00                                 
 6.56589846e-06  6.86848203e-01  6.56589846e-06  6.16185220e-01  6.56589846e-06  1.15903112e+00  6.56589846e-06  0.00000000e+00  6.56589846e-06  1.79960830e+00  6.56589846e-06  6.15543188e-01  6.56589846e-06  1.15849598e+00  6.56589846e-06  1.16501789e+00                                 
 6.78434314e-06  6.86850024e-01  6.78434314e-06  6.16206655e-01  6.78434314e-06  1.17055644e+00  6.78434314e-06  0.00000000e+00  6.78434314e-06  1.80039148e+00  6.78434314e-06  6.15801654e-01  6.78434314e-06  1.17102351e+00  6.78434314e-06  1.17825350e+00                                 
 7.07408836e-06  6.86848203e-01  7.07408836e-06  6.16185176e-01  7.07408836e-06  1.17316168e+00  7.07408836e-06  0.00000000e+00  7.07408836e-06  1.79960834e+00  7.07408836e-06  6.15543500e-01  7.07408836e-06  1.17269050e+00  7.07408836e-06  1.18156900e+00                                 
 7.47363087e-06  6.86850024e-01  7.47363087e-06  6.16206686e-01  7.47363087e-06  1.17318664e+00  7.47363087e-06  0.00000000e+00  7.47363087e-06  1.80039123e+00  7.47363087e-06  6.15801962e-01  7.47363087e-06  1.17365446e+00  7.47363087e-06  1.18140639e+00                                 
 8.27271591e-06  6.86848203e-01  8.27271591e-06  6.16185157e-01  8.27271591e-06  1.17327099e+00  8.27271591e-06  0.00000000e+00  8.27271591e-06  1.79960847e+00  8.27271591e-06  6.15543387e-01  8.27271591e-06  1.17280241e+00  8.27271591e-06  1.18166571e+00                                 
 9.47271591e-06  6.86850024e-01  9.47271591e-06  6.16206696e-01  9.47271591e-06  1.17317721e+00  9.47271591e-06  0.00000000e+00  9.47271591e-06  1.80039116e+00  9.47271591e-06  6.15802025e-01  9.47271591e-06  1.17364383e+00  9.47271591e-06  1.18141024e+00                                 
 1.06727159e-05  6.86848203e-01  1.06727159e-05  6.16185148e-01  1.06727159e-05  1.17327561e+00  1.06727159e-05  0.00000000e+00  1.06727159e-05  1.79960853e+00  1.06727159e-05  6.15543338e-01  1.06727159e-05  1.17280800e+00  1.06727159e-05  1.18165984e+00                                 
 1.18727159e-05  6.86850024e-01  1.18727159e-05  6.16206705e-01  1.18727159e-05  1.17317566e+00  1.18727159e-05  0.00000000e+00  1.18727159e-05  1.80039110e+00  1.18727159e-05  6.15802073e-01  1.18727159e-05  1.17364132e+00  1.18727159e-05  1.18141843e+00                                 
 1.20000000e-05  6.86848204e-01  1.20000000e-05  6.16185104e-01  1.20000000e-05  1.17327883e+00  1.20000000e-05  0.00000000e+00  1.20000000e-05  1.79960884e+00  1.20000000e-05  6.15543101e-01  1.20000000e-05  1.17281615e+00  1.20000000e-05  1.18162474e+00                                 
 1.20001000e-05  6.86874304e-01  1.20001000e-05  6.16364209e-01  1.20001000e-05  1.17450631e+00  1.20001000e-05  1.80000000e-01  1.20001000e-05  1.80010620e+00  1.20001000e-05  6.17097222e-01  1.20001000e-05  1.17419443e+00  1.20001000e-05  1.18161194e+00                                 
 1.20003000e-05  6.86856698e-01  1.20003000e-05  6.16392800e-01  1.20003000e-05  1.17419630e+00  1.20003000e-05  5.40000000e-01  1.20003000e-05  1.79998535e+00  1.20003000e-05  6.17492102e-01  1.20003000e-05  1.17451964e+00  1.20003000e-05  1.18157408e+00                                 
 1.20006258e-05  6.86789907e-01  1.20006258e-05  6.15798007e-01  1.20006258e-05  1.17162300e+00  1.20006258e-05  1.12644140e+00  1.20006258e-05  1.80238161e+00  1.20006258e-05  6.12592579e-01  1.20006258e-05  1.17280698e+00  1.20006258e-05  1.18156301e+00                                 
 1.20009559e-05  6.87152112e-01  1.20009559e-05  6.16308831e-01  1.20009559e-05  1.16022566e+00  1.20009559e-05  1.72069431e+00  1.20009559e-05  1.36855281e-01  1.20009559e-05  6.15788093e-01  1.20009559e-05  1.17298468e+00  1.20009559e-05  1.18157973e+00                                 
 1.20010000e-05  6.87423979e-01  1.20010000e-05  6.16595032e-01  1.20010000e-05  1.15623608e+00  1.20010000e-05  1.80000000e+00  1.20010000e-05 -1.95208602e-02  1.20010000e-05  6.18702940e-01  1.20010000e-05  1.17417365e+00  1.20010000e-05  1.18160282e+00                                 
 1.20010167e-05  6.87477414e-01  1.20010167e-05  6.16531039e-01  1.20010167e-05  1.15430631e+00  1.20010167e-05  1.80000000e+00  1.20010167e-05 -7.26352349e-03  1.20010167e-05  6.18279282e-01  1.20010167e-05  1.17409018e+00  1.20010167e-05  1.18158944e+00                                 
 1.20010501e-05  6.87555356e-01  1.20010501e-05  6.16396807e-01  1.20010501e-05  1.15145693e+00  1.20010501e-05  1.80000000e+00  1.20010501e-05  2.14868470e-03  1.20010501e-05  6.17098544e-01  1.20010501e-05  1.17334624e+00  1.20010501e-05  1.18156373e+00                                 
 1.20011169e-05  6.87641532e-01  1.20011169e-05  6.16255274e-01  1.20011169e-05  1.14971226e+00  1.20011169e-05  1.80000000e+00  1.20011169e-05 -6.51584010e-04  1.20011169e-05  6.15834653e-01  1.20011169e-05  1.17227643e+00  1.20011169e-05  1.18156825e+00                                 
 1.20012505e-05  6.87682645e-01  1.20012505e-05  6.16233140e-01  1.20012505e-05  1.14946393e+00  1.20012505e-05  1.80000000e+00  1.20012505e-05  6.93675436e-04  1.20012505e-05  6.15909330e-01  1.20012505e-05  1.17235387e+00  1.20012505e-05  1.18158357e+00                                 
 1.20014804e-05  6.87550169e-01  1.20014804e-05  6.16206424e-01  1.20014804e-05  1.14971213e+00  1.20014804e-05  1.80000000e+00  1.20014804e-05 -5.60376863e-04  1.20014804e-05  6.15751109e-01  1.20014804e-05  1.17220038e+00  1.20014804e-05  1.18157877e+00                                 
 1.20017603e-05  6.87329244e-01  1.20017603e-05  6.16201520e-01  1.20017603e-05  1.15038515e+00  1.20017603e-05  1.80000000e+00  1.20017603e-05  4.23394324e-04  1.20017603e-05  6.15809887e-01  1.20017603e-05  1.17226511e+00  1.20017603e-05  1.18158547e+00                                 
 1.20022055e-05  6.87046632e-01  1.20022055e-05  6.16195397e-01  1.20022055e-05  1.15011683e+00  1.20022055e-05  1.80000000e+00  1.20022055e-05 -4.44968656e-04  1.20022055e-05  6.15728196e-01  1.20022055e-05  1.17218349e+00  1.20022055e-05  1.18156927e+00                                 
 1.20029608e-05  6.86803040e-01  1.20029608e-05  6.16196321e-01  1.20029608e-05  1.14791233e+00  1.20029608e-05  1.80000000e+00  1.20029608e-05  3.72956739e-04  1.20029608e-05  6.15774922e-01  1.20029608e-05  1.17223654e+00  1.20029608e-05  1.18155229e+00                                 
 1.20044713e-05  6.86674324e-01  1.20044713e-05  6.16191271e-01  1.20044713e-05  1.13959052e+00  1.20044713e-05  1.80000000e+00  1.20044713e-05 -3.94124720e-04  1.20044713e-05  6.15678613e-01  1.20044713e-05  1.17214359e+00  1.20044713e-05  1.18148583e+00                                 
 1.20073623e-05  6.86729981e-01  1.20073623e-05  6.16193921e-01  1.20073623e-05  1.11961673e+00  1.20073623e-05  1.80000000e+00  1.20073623e-05  3.72971970e-04  1.20073623e-05  6.15706730e-01  1.20073623e-05  1.17217635e+00  1.20073623e-05  1.18137338e+00                                 
 1.20115686e-05  6.86807046e-01  1.20115686e-05  6.16193354e-01  1.20115686e-05  1.08641022e+00  1.20115686e-05  1.80000000e+00  1.20115686e-05 -3.76383336e-04  1.20115686e-05  6.15629768e-01  1.20115686e-05  1.17209353e+00  1.20115686e-05  1.18121031e+00                                 
 1.20163550e-05  6.86849064e-01  1.20163550e-05  6.16196968e-01  1.20163550e-05  1.04563496e+00  1.20163550e-05  1.80000000e+00  1.20163550e-05  3.69645206e-04  1.20163550e-05  6.15689086e-01  1.20163550e-05  1.17214956e+00  1.20163550e-05  1.18106776e+00                                 
 1.20214937e-05  6.86854788e-01  1.20214937e-05  6.16194693e-01  1.20214937e-05  1.00080547e+00  1.20214937e-05  1.80000000e+00  1.20214937e-05 -3.68287538e-04  1.20214937e-05  6.15628824e-01  1.20214937e-05  1.17208253e+00  1.20214937e-05  1.18093097e+00                                 
 1.20282301e-05  6.86858665e-01  1.20282301e-05  6.16197301e-01  1.20282301e-05  9.42061413e-01  1.20282301e-05  1.80000000e+00  1.20282301e-05  3.65354439e-04  1.20282301e-05  6.15691171e-01  1.20282301e-05  1.17214230e+00  1.20282301e-05  1.18080503e+00                                 
 1.20378161e-05  6.86853570e-01  1.20378161e-05  6.16194652e-01  1.20378161e-05  8.59071204e-01  1.20378161e-05  1.80000000e+00  1.20378161e-05 -3.63163757e-04  1.20378161e-05  6.15630918e-01  1.20378161e-05  1.17207598e+00  1.20378161e-05  1.18066505e+00                                 
 1.20510826e-05  6.86855629e-01  1.20510826e-05  6.16197186e-01  1.20510826e-05  7.49482245e-01  1.20510826e-05  1.80000000e+00  1.20510826e-05  3.65329270e-04  1.20510826e-05  6.15690765e-01  1.20510826e-05  1.17213471e+00  1.20510826e-05  1.18055788e+00                                 
 1.20651754e-05  6.86849668e-01  1.20651754e-05  6.16195386e-01  1.20651754e-05  6.65366673e-01  1.20651754e-05  1.80000000e+00  1.20651754e-05 -3.54783774e-04  1.20651754e-05  6.15648394e-01  1.20651754e-05  1.17208602e+00  1.20651754e-05  1.18048848e+00                                 
 1.20829764e-05  6.86850545e-01  1.20829764e-05  6.16196734e-01  1.20829764e-05  6.26187724e-01  1.20829764e-05  1.80000000e+00  1.20829764e-05  3.70453375e-04  1.20829764e-05  6.15707254e-01  1.20829764e-05  1.17214613e+00  1.20829764e-05  1.18045997e+00                                 
 1.20981605e-05  6.86844099e-01  1.20981605e-05  6.16194927e-01  1.20981605e-05  6.19177408e-01  1.20981605e-05  1.80000000e+00  1.20981605e-05 -3.50554517e-04  1.20981605e-05  6.15647468e-01  1.20981605e-05  1.17208380e+00  1.20981605e-05  1.18043966e+00                                 
 1.21156263e-05  6.86852313e-01  1.21156263e-05  6.16196824e-01  1.21156263e-05  6.15948038e-01  1.21156263e-05  1.80000000e+00  1.21156263e-05  3.69150475e-04  1.21156263e-05  6.15701725e-01  1.21156263e-05  1.17214038e+00  1.21156263e-05  1.18043704e+00                                 
 1.21326754e-05  6.86845953e-01  1.21326754e-05  6.16195002e-01  1.21326754e-05  6.15528609e-01  1.21326754e-05  1.80000000e+00  1.21326754e-05 -3.48620043e-04  1.21326754e-05  6.15645291e-01  1.21326754e-05  1.17208106e+00  1.21326754e-05  1.18042576e+00                                 
 1.21667734e-05  6.86851885e-01  1.21667734e-05  6.16196835e-01  1.21667734e-05  6.15007494e-01  1.21667734e-05  1.80000000e+00  1.21667734e-05  3.67874967e-04  1.21667734e-05  6.15700526e-01  1.21667734e-05  1.17213824e+00  1.21667734e-05  1.18042801e+00                                 
 1.22140794e-05  6.86846526e-01  1.22140794e-05  6.16195018e-01  1.22140794e-05  6.15209573e-01  1.22140794e-05  1.80000000e+00  1.22140794e-05 -3.47844421e-04  1.22140794e-05  6.15644902e-01  1.22140794e-05  1.17207917e+00  1.22140794e-05  1.18041982e+00                                 
 1.23086913e-05  6.86851614e-01  1.23086913e-05  6.16196832e-01  1.23086913e-05  6.15041457e-01  1.23086913e-05  1.80000000e+00  1.23086913e-05  3.67397169e-04  1.23086913e-05  6.15700520e-01  1.23086913e-05  1.17213565e+00  1.23086913e-05  1.18042465e+00                                 
 1.24979151e-05  6.86846655e-01  1.24979151e-05  6.16195019e-01  1.24979151e-05  6.15199885e-01  1.24979151e-05  1.80000000e+00  1.24979151e-05 -3.47606224e-04  1.24979151e-05  6.15644903e-01  1.24979151e-05  1.17207407e+00  1.24979151e-05  1.18041473e+00                                 
 1.28763626e-05  6.86851552e-01  1.28763626e-05  6.16196832e-01  1.28763626e-05  6.15046738e-01  1.28763626e-05  1.80000000e+00  1.28763626e-05  3.67278101e-04  1.28763626e-05  6.15700520e-01  1.28763626e-05  1.17212545e+00  1.28763626e-05  1.18041444e+00                                 
 1.36332578e-05  6.86846686e-01  1.36332578e-05  6.16195019e-01  1.36332578e-05  6.15197773e-01  1.36332578e-05  1.80000000e+00  1.36332578e-05 -3.47546747e-04  1.36332578e-05  6.15644903e-01  1.36332578e-05  1.17205366e+00  1.36332578e-05  1.18039431e+00                                 
 1.48332578e-05  6.86851535e-01  1.48332578e-05  6.16196832e-01  1.48332578e-05  6.15047830e-01  1.48332578e-05  1.80000000e+00  1.48332578e-05  3.67245760e-04  1.48332578e-05  6.15700520e-01  1.48332578e-05  1.17209030e+00  1.48332578e-05  1.18037928e+00                                 
 1.60332578e-05  6.86846699e-01  1.60332578e-05  6.16195019e-01  1.60332578e-05  6.15196451e-01  1.60332578e-05  1.80000000e+00  1.60332578e-05 -3.47521747e-04  1.60332578e-05  6.15644903e-01  1.60332578e-05  1.17201060e+00  1.60332578e-05  1.18035124e+00                                 
 1.72332578e-05  6.86851522e-01  1.72332578e-05  6.16196832e-01  1.72332578e-05  6.15048615e-01  1.72332578e-05  1.80000000e+00  1.72332578e-05  3.67220747e-04  1.72332578e-05  6.15700520e-01  1.72332578e-05  1.17204719e+00  1.72332578e-05  1.18033616e+00                                 
 1.80010000e-05  6.86846715e-01  1.80010000e-05  6.16195020e-01  1.80010000e-05  6.15329568e-01  1.80010000e-05  1.80000000e+00  1.80010000e-05 -3.48533940e-04  1.80010000e-05  6.15644911e-01  1.80010000e-05  1.17197517e+00  1.80010000e-05  1.18031578e+00                                 
 1.80011000e-05  6.86797633e-01  1.80011000e-05  6.15958660e-01  1.80011000e-05  6.13643421e-01  1.80011000e-05  1.62000000e+00  1.80011000e-05 -1.28174051e-04  1.80011000e-05  6.14162745e-01  1.80011000e-05  1.17072362e+00  1.80011000e-05  1.18030917e+00                                 
 1.80013000e-05  6.86831974e-01  1.80013000e-05  6.15951017e-01  1.80013000e-05  6.13579826e-01  1.80013000e-05  1.26000000e+00  1.80013000e-05  3.21849024e-05  1.80013000e-05  6.13819816e-01  1.80013000e-05  1.17043801e+00  1.80013000e-05  1.18032339e+00                                 
 1.80016472e-05  6.86900939e-01  1.80016472e-05  6.16151719e-01  1.80016472e-05  6.15602977e-01  1.80016472e-05  6.34987347e-01  1.80016472e-05  1.26536560e-02  1.80016472e-05  6.14063701e-01  1.80016472e-05  1.16718989e+00  1.80016472e-05  1.18030031e+00                                 
 1.80020000e-05  6.86831223e-01  1.80020000e-05  6.15638485e-01  1.80020000e-05  6.36935637e-01  1.80020000e-05  3.67661457e-12  1.80020000e-05  1.61265874e+00  1.80020000e-05  6.09296595e-01  1.80020000e-05  1.03479663e+00  1.80020000e-05  1.17986565e+00                                 
 1.80020468e-05  6.86848038e-01  1.80020468e-05  6.14992850e-01  1.80020468e-05  6.45647425e-01  1.80020468e-05  0.00000000e+00  1.80020468e-05  1.73278290e+00  1.80020468e-05  6.01931578e-01  1.80020468e-05  9.74959658e-01  1.80020468e-05  1.17966497e+00                                 
 1.80021403e-05  6.86850956e-01  1.80021403e-05  6.14054870e-01  1.80021403e-05  6.51644246e-01  1.80021403e-05  0.00000000e+00  1.80021403e-05  1.81524483e+00  1.80021403e-05  5.91323415e-01  1.80021403e-05  8.55304750e-01  1.80021403e-05  1.17984698e+00                                 
 1.80023053e-05  6.86846810e-01  1.80023053e-05  6.14291057e-01  1.80023053e-05  6.38423472e-01  1.80023053e-05  0.00000000e+00  1.80023053e-05  1.78834802e+00  1.80023053e-05  5.94439985e-01  1.80023053e-05  7.12159702e-01  1.80023053e-05  1.18060043e+00                                 
 1.80024769e-05  6.86849339e-01  1.80024769e-05  6.15181004e-01  1.80024769e-05  6.26925626e-01  1.80024769e-05  0.00000000e+00  1.80024769e-05  1.80552915e+00  1.80024769e-05  6.04276080e-01  1.80024769e-05  6.53389491e-01  1.80024769e-05  1.18068326e+00                                 
 1.80026271e-05  6.86846575e-01  1.80026271e-05  6.15662425e-01  1.80026271e-05  6.21284718e-01  1.80026271e-05  0.00000000e+00  1.80026271e-05  1.79709042e+00  1.80026271e-05  6.08775876e-01  1.80026271e-05  6.31933388e-01  1.80026271e-05  1.18055771e+00                                 
 1.80028187e-05  6.86849224e-01  1.80028187e-05  6.16149553e-01  1.80028187e-05  6.17826150e-01  1.80028187e-05  0.00000000e+00  1.80028187e-05  1.80181246e+00  1.80028187e-05  6.13360046e-01  1.80028187e-05  6.22284155e-01  1.80028187e-05  1.17977916e+00                                 
 1.80030512e-05  6.86847181e-01  1.80030512e-05  6.16345170e-01  1.80030512e-05  6.16601098e-01  1.80030512e-05  0.00000000e+00  1.80030512e-05  1.79887357e+00  1.80030512e-05  6.14776813e-01  1.80030512e-05  6.17464673e-01  1.80030512e-05  1.17860000e+00                                 
 1.80033940e-05  6.86849544e-01  1.80033940e-05  6.16502107e-01  1.80033940e-05  6.16448404e-01  1.80033940e-05  0.00000000e+00  1.80033940e-05  1.80089242e+00  1.80033940e-05  6.16258832e-01  1.80033940e-05  6.16772976e-01  1.80033940e-05  1.17637801e+00                                 
 1.80038902e-05  6.86847830e-01  1.80038902e-05  6.16479317e-01  1.80038902e-05  6.17677370e-01  1.80038902e-05  0.00000000e+00  1.80038902e-05  1.79929238e+00  1.80038902e-05  6.16163869e-01  1.80038902e-05  6.17171388e-01  1.80038902e-05  1.17291642e+00                                 
 1.80047120e-05  6.86849900e-01  1.80047120e-05  6.16474609e-01  1.80047120e-05  6.19860747e-01  1.80047120e-05  0.00000000e+00  1.80047120e-05  1.80065443e+00  1.80047120e-05  6.16661221e-01  1.80047120e-05  6.19835683e-01  1.80047120e-05  1.16668275e+00                                 
 1.80062168e-05  6.86848157e-01  1.80062168e-05  6.16375097e-01  1.80062168e-05  6.24508420e-01  1.80062168e-05  0.00000000e+00  1.80062168e-05  1.79941175e+00  1.80062168e-05  6.16340547e-01  1.80062168e-05  6.23945548e-01  1.80062168e-05  1.15474995e+00                                 
 1.80092264e-05  6.86850001e-01  1.80092264e-05  6.16287602e-01  1.80092264e-05  6.33441652e-01  1.80092264e-05  0.00000000e+00  1.80092264e-05  1.80059472e+00  1.80092264e-05  6.16587406e-01  1.80092264e-05  6.33370260e-01  1.80092264e-05  1.12975521e+00                                 
 1.80152455e-05  6.86848210e-01  1.80152455e-05  6.16169265e-01  1.80152455e-05  6.51268245e-01  1.80152455e-05  0.00000000e+00  1.80152455e-05  1.79943922e+00  1.80152455e-05  6.16029580e-01  1.80152455e-05  6.50649469e-01  1.80152455e-05  1.07870248e+00                                 
 1.80243544e-05  6.86850004e-01  1.80243544e-05  6.16200772e-01  1.80243544e-05  6.76959567e-01  1.80243544e-05  0.00000000e+00  1.80243544e-05  1.80057864e+00  1.80243544e-05  6.16130098e-01  1.80243544e-05  6.76850421e-01  1.80243544e-05  1.00050565e+00                                 
 1.80376063e-05  6.86848219e-01  1.80376063e-05  6.16177552e-01  1.80376063e-05  7.12707205e-01  1.80376063e-05  0.00000000e+00  1.80376063e-05  1.79944810e+00  1.80376063e-05  6.15615222e-01  1.80376063e-05  7.11965263e-01  1.80376063e-05  8.93147137e-01                                 
 1.80523580e-05  6.86850005e-01  1.80523580e-05  6.16208837e-01  1.80523580e-05  7.49580468e-01  1.80523580e-05  0.00000000e+00  1.80523580e-05  1.80056935e+00  1.80523580e-05  6.15874188e-01  1.80523580e-05  7.49482729e-01  1.80523580e-05  8.10451397e-01                                 
 1.80707208e-05  6.86848223e-01  1.80707208e-05  6.16181239e-01  1.80707208e-05  7.92142406e-01  1.80707208e-05  0.00000000e+00  1.80707208e-05  1.79945267e+00  1.80707208e-05  6.15504731e-01  1.80707208e-05  7.91274772e-01  1.80707208e-05  7.82017456e-01                                 
 1.80884978e-05  6.86850003e-01  1.80884978e-05  6.16210186e-01  1.80884978e-05  8.29400406e-01  1.80884978e-05  0.00000000e+00  1.80884978e-05  1.80056157e+00  1.80884978e-05  6.15834564e-01  1.80884978e-05  8.29414598e-01  1.80884978e-05  8.04800869e-01                                 
 1.81031132e-05  6.86848226e-01  1.81031132e-05  6.16181486e-01  1.81031132e-05  8.57777645e-01  1.81031132e-05  0.00000000e+00  1.81031132e-05  1.79945733e+00  1.81031132e-05  6.15493224e-01  1.81031132e-05  8.56703433e-01  1.81031132e-05  8.32100495e-01                                 
 1.81201393e-05  6.86850000e-01  1.81201393e-05  6.16210467e-01  1.81201393e-05  8.87818173e-01  1.81201393e-05  0.00000000e+00  1.81201393e-05  1.80055363e+00  1.81201393e-05  6.15835869e-01  1.81201393e-05  8.87885525e-01  1.81201393e-05  8.62544103e-01                                 
 1.81403685e-05  6.86848228e-01  1.81403685e-05  6.16181292e-01  1.81403685e-05  9.20386176e-01  1.81403685e-05  0.00000000e+00  1.81403685e-05  1.79946413e+00  1.81403685e-05  6.15490363e-01  1.81403685e-05  9.19021892e-01  1.81403685e-05  8.96613299e-01                                 
 1.81808267e-05  6.86849998e-01  1.81808267e-05  6.16210731e-01  1.81808267e-05  9.75072151e-01  1.81808267e-05  0.00000000e+00  1.81808267e-05  1.80054771e+00  1.81808267e-05  6.15841085e-01  1.81808267e-05  9.75355701e-01  1.81808267e-05  9.54887639e-01                                 
 1.82617431e-05  6.86848230e-01  1.82617431e-05  6.16181187e-01  1.82617431e-05  1.05365223e+00  1.82617431e-05  0.00000000e+00  1.82617431e-05  1.79946526e+00  1.82617431e-05  6.15492853e-01  1.82617431e-05  1.05256441e+00  1.82617431e-05  1.04263610e+00                                 
 1.84235760e-05  6.86849998e-01  1.84235760e-05  6.16210807e-01  1.84235760e-05  1.13323968e+00  1.84235760e-05  0.00000000e+00  1.84235760e-05  1.80054310e+00  1.84235760e-05  6.15847660e-01  1.84235760e-05  1.13396628e+00  1.84235760e-05  1.13488168e+00                                 
 1.86029422e-05  6.86848230e-01  1.86029422e-05  6.16181022e-01  1.86029422e-05  1.16180164e+00  1.86029422e-05  0.00000000e+00  1.86029422e-05  1.79945759e+00  1.86029422e-05  6.15495423e-01  1.86029422e-05  1.16098531e+00  1.86029422e-05  1.16807256e+00                                 
 1.88476055e-05  6.86849998e-01  1.88476055e-05  6.16210841e-01  1.88476055e-05  1.17118399e+00  1.88476055e-05  0.00000000e+00  1.88476055e-05  1.80054197e+00  1.88476055e-05  6.15849550e-01  1.88476055e-05  1.17193858e+00  1.88476055e-05  1.17929581e+00                                 
 1.91280723e-05  6.86848230e-01  1.91280723e-05  6.16181044e-01  1.91280723e-05  1.17270229e+00  1.91280723e-05  0.00000000e+00  1.91280723e-05  1.79946088e+00  1.91280723e-05  6.15496186e-01  1.91280723e-05  1.17205406e+00  1.91280723e-05  1.18105404e+00                                 
 1.96446800e-05  6.86849997e-01  1.96446800e-05  6.16210865e-01  1.96446800e-05  1.17262536e+00  1.96446800e-05  0.00000000e+00  1.96446800e-05  1.80054170e+00  1.96446800e-05  6.15849900e-01  1.96446800e-05  1.17337649e+00  1.96446800e-05  1.18098364e+00                                 
 2.05250512e-05  6.86848230e-01  2.05250512e-05  6.16181062e-01  2.05250512e-05  1.17278112e+00  2.05250512e-05  0.00000000e+00  2.05250512e-05  1.79946277e+00  2.05250512e-05  6.15496393e-01  2.05250512e-05  1.17206683e+00  2.05250512e-05  1.18111798e+00                                 
 2.17250512e-05  6.86849997e-01  2.17250512e-05  6.16210874e-01  2.17250512e-05  1.17261290e+00  2.17250512e-05  0.00000000e+00  2.17250512e-05  1.80054161e+00  2.17250512e-05  6.15850016e-01  2.17250512e-05  1.17336226e+00  2.17250512e-05  1.18096454e+00                                 
 2.29250512e-05  6.86848230e-01  2.29250512e-05  6.16181015e-01  2.29250512e-05  1.17277511e+00  2.29250512e-05  0.00000000e+00  2.29250512e-05  1.79946069e+00  2.29250512e-05  6.15495851e-01  2.29250512e-05  1.17204511e+00  2.29250512e-05  1.18108971e+00                                 
 2.40000000e-05  6.86849997e-01  2.40000000e-05  6.16210924e-01  2.40000000e-05  1.17262156e+00  2.40000000e-05  0.00000000e+00  2.40000000e-05  1.80054535e+00  2.40000000e-05  6.15850573e-01  2.40000000e-05  1.17338459e+00  2.40000000e-05  1.18099429e+00                                 
 2.40001000e-05  6.86874423e-01  2.40001000e-05  6.16366265e-01  2.40001000e-05  1.17401391e+00  2.40001000e-05  1.80000000e-01  2.40001000e-05  1.80027877e+00  2.40001000e-05  6.17130554e-01  2.40001000e-05  1.17438781e+00  2.40001000e-05  1.18103238e+00                                 
 2.40003000e-05  6.86856587e-01  2.40003000e-05  6.16386677e-01  2.40003000e-05  1.17372255e+00  2.40003000e-05  5.40000000e-01  2.40003000e-05  1.79987515e+00  2.40003000e-05  6.17429442e-01  2.40003000e-05  1.17440658e+00  2.40003000e-05  1.18104191e+00                                 
 2.40006252e-05  6.86790101e-01  2.40006252e-05  6.15792783e-01  2.40006252e-05  1.17107170e+00  2.40006252e-05  1.12542144e+00  2.40006252e-05  1.80228803e+00  2.40006252e-05  6.12548988e-01  2.40006252e-05  1.17238393e+00  2.40006252e-05  1.18105601e+00                                 
 2.40009554e-05  6.87149352e-01  2.40009554e-05  6.16310430e-01  2.40009554e-05  1.15986313e+00  2.40009554e-05  1.71976255e+00  2.40009554e-05  1.37440246e-01  2.40009554e-05  6.15820991e-01  2.40009554e-05  1.17273495e+00  2.40009554e-05  1.18109356e+00                                 
 2.40010000e-05  6.87424258e-01  2.40010000e-05  6.16601651e-01  2.40010000e-05  1.15576726e+00  2.40010000e-05  1.80000000e+00  2.40010000e-05 -1.99217231e-02  2.40010000e-05  6.18778267e-01  2.40010000e-05  1.17396848e+00  2.40010000e-05  1.18111434e+00                                 
 2.40010166e-05  6.87477322e-01  2.40010166e-05  6.16535583e-01  2.40010166e-05  1.15383247e+00  2.40010166e-05  1.80000000e+00  2.40010166e-05 -7.45611003e-03  2.40010166e-05  6.18329499e-01  2.40010166e-05  1.17386564e+00  2.40010166e-05  1.18110114e+00                                 
 2.40010499e-05  6.87554663e-01  2.40010499e-05  6.16398246e-01  2.40010499e-05  1.15097243e+00  2.40010499e-05  1.80000000e+00  2.40010499e-05  2.15897698e-03  2.40010499e-05  6.17115163e-01  2.40010499e-05  1.17309484e+00  2.40010499e-05  1.18107609e+00                                 
 2.40011163e-05  6.87640595e-01  2.40011163e-05  6.16254869e-01  2.40011163e-05  1.14921833e+00  2.40011163e-05  1.80000000e+00  2.40011163e-05 -6.54944526e-04  2.40011163e-05  6.15835297e-01  2.40011163e-05  1.17201099e+00  2.40011163e-05  1.18108240e+00                                 
 2.40012493e-05  6.87682435e-01  2.40012493e-05  6.16232723e-01  2.40012493e-05  1.14896841e+00  2.40012493e-05  1.80000000e+00  2.40012493e-05  6.96737120e-04  2.40012493e-05  6.15910560e-01  2.40012493e-05  1.17208878e+00  2.40012493e-05  1.18110069e+00                                 
 2.40014792e-05  6.87550639e-01  2.40014792e-05  6.16205756e-01  2.40014792e-05  1.14921222e+00  2.40014792e-05  1.80000000e+00  2.40014792e-05 -5.62280706e-04  2.40014792e-05  6.15751613e-01  2.40014792e-05  1.17193389e+00  2.40014792e-05  1.18110045e+00                                 
 2.40017583e-05  6.87330428e-01  2.40017583e-05  6.16200963e-01  2.40017583e-05  1.14988801e+00  2.40017583e-05  1.80000000e+00  2.40017583e-05  4.24990872e-04  2.40017583e-05  6.15810801e-01  2.40017583e-05  1.17199853e+00  2.40017583e-05  1.18111207e+00                                 
 2.40022027e-05  6.87047728e-01  2.40022027e-05  6.16194810e-01  2.40022027e-05  1.14962520e+00  2.40022027e-05  1.80000000e+00  2.40022027e-05 -4.46373207e-04  2.40022027e-05  6.15728466e-01  2.40022027e-05  1.17191568e+00  2.40022027e-05  1.18110241e+00                                 
 2.40029539e-05  6.86804414e-01  2.40029539e-05  6.16195962e-01  2.40029539e-05  1.14744554e+00  2.40029539e-05  1.80000000e+00  2.40029539e-05  3.74140706e-04  2.40029539e-05  6.15775702e-01  2.40029539e-05  1.17196873e+00  2.40029539e-05  1.18109450e+00                                 
 2.40044563e-05  6.86674596e-01  2.40044563e-05  6.16190995e-01  2.40044563e-05  1.13918770e+00  2.40044563e-05  1.80000000e+00  2.40044563e-05 -3.95320355e-04  2.40044563e-05  6.15678821e-01  2.40044563e-05  1.17187512e+00  2.40044563e-05  1.18104222e+00                                 
 2.40073427e-05  6.86729579e-01  2.40073427e-05  6.16193871e-01  2.40073427e-05  1.11926274e+00  2.40073427e-05  1.80000000e+00  2.40073427e-05  3.74089915e-04  2.40073427e-05  6.15707163e-01  2.40073427e-05  1.17190887e+00  2.40073427e-05  1.18095140e+00                                 
 2.40115370e-05  6.86806726e-01  2.40115370e-05  6.16193293e-01  2.40115370e-05  1.08616661e+00  2.40115370e-05  1.80000000e+00  2.40115370e-05 -3.77498326e-04  2.40115370e-05  6.15629581e-01  2.40115370e-05  1.17182656e+00  2.40115370e-05  1.18081494e+00                                 
 2.40163238e-05  6.86848937e-01  2.40163238e-05  6.16197010e-01  2.40163238e-05  1.04540173e+00  2.40163238e-05  1.80000000e+00  2.40163238e-05  3.70742077e-04  2.40163238e-05  6.15689328e-01  2.40163238e-05  1.17188393e+00  2.40163238e-05  1.18069721e+00                                 
 2.40214591e-05  6.86854739e-01  2.40214591e-05  6.16194655e-01  2.40214591e-05  1.00060567e+00  2.40214591e-05  1.80000000e+00  2.40214591e-05 -3.69379005e-04  2.40214591e-05  6.15628574e-01  2.40214591e-05  1.17181716e+00  2.40214591e-05  1.18058198e+00                                 
 2.40281902e-05  6.86858669e-01  2.40281902e-05  6.16197344e-01  2.40281902e-05  9.41911355e-01  2.40281902e-05  1.80000000e+00  2.40281902e-05  3.66438425e-04  2.40281902e-05  6.15691389e-01  2.40281902e-05  1.17187808e+00  2.40281902e-05  1.18047811e+00                                 
 2.40377548e-05  6.86853584e-01  2.40377548e-05  6.16194613e-01  2.40377548e-05  8.59105610e-01  2.40377548e-05  1.80000000e+00  2.40377548e-05 -3.64240119e-04  2.40377548e-05  6.15630668e-01  2.40377548e-05  1.17181194e+00  2.40377548e-05  1.18036042e+00                                 
 2.40509777e-05  6.86855651e-01  2.40509777e-05  6.16197226e-01  2.40509777e-05  7.49845287e-01  2.40509777e-05  1.80000000e+00  2.40509777e-05  3.66390413e-04  2.40509777e-05  6.15690984e-01  2.40509777e-05  1.17187162e+00  2.40509777e-05  1.18027227e+00                                 
 2.40650594e-05  6.86849663e-01  2.40650594e-05  6.16195344e-01  2.40650594e-05  6.65603290e-01  2.40650594e-05  1.80000000e+00  2.40650594e-05 -3.55871648e-04  2.40650594e-05  6.15648065e-01  2.40650594e-05  1.17182266e+00  2.40650594e-05  1.18021357e+00                                 
 2.40828528e-05  6.86850583e-01  2.40828528e-05  6.16196780e-01  2.40828528e-05  6.26247199e-01  2.40828528e-05  1.80000000e+00  2.40828528e-05  3.71521775e-04  2.40828528e-05  6.15707549e-01  2.40828528e-05  1.17188351e+00  2.40828528e-05  1.18019183e+00                                 
 2.40980759e-05  6.86844069e-01  2.40980759e-05  6.16194881e-01  2.40980759e-05  6.19187492e-01  2.40980759e-05  1.80000000e+00  2.40980759e-05 -3.51626016e-04  2.40980759e-05  6.15647197e-01  2.40980759e-05  1.17182070e+00  2.40980759e-05  1.18017411e+00                                 
 2.41155420e-05  6.86852334e-01  2.41155420e-05  6.16196870e-01  2.41155420e-05  6.15947115e-01  2.41155420e-05  1.80000000e+00  2.41155420e-05  3.70218462e-04  2.41155420e-05  6.15701994e-01  2.41155420e-05  1.17187783e+00  2.41155420e-05  1.18017299e+00                                 
 2.41325710e-05  6.86845936e-01  2.41325710e-05  6.16194956e-01  2.41325710e-05  6.15532572e-01  2.41325710e-05  1.80000000e+00  2.41325710e-05 -3.49684572e-04  2.41325710e-05  6.15645028e-01  2.41325710e-05  1.17181801e+00  2.41325710e-05  1.18016233e+00                                 
 2.41666291e-05  6.86851900e-01  2.41666291e-05  6.16196880e-01  2.41666291e-05  6.15006308e-01  2.41666291e-05  1.80000000e+00  2.41666291e-05  3.68937248e-04  2.41666291e-05  6.15700789e-01  2.41666291e-05  1.17187571e+00  2.41666291e-05  1.18016508e+00                                 
 2.42138766e-05  6.86846514e-01  2.42138766e-05  6.16194973e-01  2.42138766e-05  6.15212199e-01  2.42138766e-05  1.80000000e+00  2.42138766e-05 -3.48905630e-04  2.42138766e-05  6.15644640e-01  2.42138766e-05  1.17181614e+00  2.42138766e-05  1.18015693e+00                                 
 2.43083715e-05  6.86851627e-01  2.43083715e-05  6.16196878e-01  2.43083715e-05  6.15040269e-01  2.43083715e-05  1.80000000e+00  2.43083715e-05  3.68457404e-04  2.43083715e-05  6.15700782e-01  2.43083715e-05  1.17187313e+00  2.43083715e-05  1.18016179e+00                                 
 2.44973614e-05  6.86846643e-01  2.44973614e-05  6.16194974e-01  2.44973614e-05  6.15202388e-01  2.44973614e-05  1.80000000e+00  2.44973614e-05 -3.48666411e-04  2.44973614e-05  6.15644642e-01  2.44973614e-05  1.17181105e+00  2.44973614e-05  1.18015185e+00                                 
 2.48753412e-05  6.86851564e-01  2.48753412e-05  6.16196878e-01  2.48753412e-05  6.15045562e-01  2.48753412e-05  1.80000000e+00  2.48753412e-05  3.68337827e-04  2.48753412e-05  6.15700782e-01  2.48753412e-05  1.17186296e+00  2.48753412e-05  1.18015162e+00                                 
 2.56313009e-05  6.86846674e-01  2.56313009e-05  6.16194974e-01  2.56313009e-05  6.15200241e-01  2.56313009e-05  1.80000000e+00  2.56313009e-05 -3.48606680e-04  2.56313009e-05  6.15644641e-01  2.56313009e-05  1.17179071e+00  2.56313009e-05  1.18013151e+00                                 
 2.68313009e-05  6.86851547e-01  2.68313009e-05  6.16196877e-01  2.68313009e-05  6.15046668e-01  2.68313009e-05  1.80000000e+00  2.68313009e-05  3.68305363e-04  2.68313009e-05  6.15700782e-01  2.68313009e-05  1.17182782e+00  2.68313009e-05  1.18011647e+00                                 
 2.80313009e-05  6.86846687e-01  2.80313009e-05  6.16194974e-01  2.80313009e-05  6.15198931e-01  2.80313009e-05  1.80000000e+00  2.80313009e-05 -3.48581604e-04  2.80313009e-05  6.15644641e-01  2.80313009e-05  1.17174757e+00  2.80313009e-05  1.18008835e+00                                 
 2.92313009e-05  6.86851534e-01  2.92313009e-05  6.16196877e-01  2.92313009e-05  6.15047467e-01  2.92313009e-05  1.80000000e+00  2.92313009e-05  3.68280275e-04  2.92313009e-05  6.15700781e-01  2.92313009e-05  1.17178472e+00  2.92313009e-05  1.18007335e+00                                 
 3.00010000e-05  6.86846703e-01  3.00010000e-05  6.16194975e-01  3.00010000e-05  6.15325474e-01  3.00010000e-05  1.80000000e+00  3.00010000e-05 -3.49597655e-04  3.00010000e-05  6.15644650e-01  3.00010000e-05  1.17171222e+00  3.00010000e-05  1.18005296e+00                                 
 3.00011000e-05  6.86797632e-01  3.00011000e-05  6.15958652e-01  3.00011000e-05  6.13639301e-01  3.00011000e-05  1.62000000e+00  3.00011000e-05 -1.28254932e-04  3.00011000e-05  6.14162713e-01  3.00011000e-05  1.17046091e+00  3.00011000e-05  1.18004637e+00                                 
 3.00013000e-05  6.86831970e-01  3.00013000e-05  6.15951019e-01  3.00013000e-05  6.13575100e-01  3.00013000e-05  1.26000000e+00  3.00013000e-05  3.22485558e-05  3.00013000e-05  6.13819835e-01  3.00013000e-05  1.17017536e+00  3.00013000e-05  1.18006060e+00                                 
 3.00016472e-05  6.86900932e-01  3.00016472e-05  6.16151712e-01  3.00016472e-05  6.15597713e-01  3.00016472e-05  6.34988495e-01  3.00016472e-05  1.26508498e-02  3.00016472e-05  6.14063651e-01  3.00016472e-05  1.16692663e+00  3.00016472e-05  1.18003751e+00                                 
 3.00020000e-05  6.86831220e-01  3.00020000e-05  6.15639164e-01  3.00020000e-05  6.36920829e-01  3.00020000e-05  3.67661457e-12  3.00020000e-05  1.61266060e+00  3.00020000e-05  6.09304192e-01  3.00020000e-05  1.03459833e+00  3.00020000e-05  1.17960296e+00                                 
 3.00020468e-05  6.86848034e-01  3.00020468e-05  6.14993555e-01  3.00020468e-05  6.45632610e-01  3.00020468e-05  0.00000000e+00  3.00020468e-05  1.73278374e+00  3.00020468e-05  6.01939431e-01  3.00020468e-05  9.74776295e-01  3.00020468e-05  1.17940207e+00                                 
 3.00021403e-05  6.86850951e-01  3.00021403e-05  6.14055778e-01  3.00021403e-05  6.51626886e-01  3.00021403e-05  0.00000000e+00  3.00021403e-05  1.81524447e+00  3.00021403e-05  5.91333471e-01  3.00021403e-05  8.55157951e-01  3.00021403e-05  1.17958386e+00                                 
 3.00023052e-05  6.86846806e-01  3.00023052e-05  6.14291968e-01  3.00023052e-05  6.38406957e-01  3.00023052e-05  0.00000000e+00  3.00023052e-05  1.78834972e+00  3.00023052e-05  5.94450099e-01  3.00023052e-05  7.12096002e-01  3.00023052e-05  1.18033742e+00                                 
 3.00024769e-05  6.86849336e-01  3.00024769e-05  6.15181474e-01  3.00024769e-05  6.26914738e-01  3.00024769e-05  0.00000000e+00  3.00024769e-05  1.80552810e+00  3.00024769e-05  6.04281605e-01  3.00024769e-05  6.53363806e-01  3.00024769e-05  1.18042035e+00                                 
 3.00026270e-05  6.86846572e-01  3.00026270e-05  6.15662619e-01  3.00026270e-05  6.21276630e-01  3.00026270e-05  0.00000000e+00  3.00026270e-05  1.79709118e+00  3.00026270e-05  6.08778787e-01  3.00026270e-05  6.31919817e-01  3.00026270e-05  1.18029468e+00                                 
 3.00028186e-05  6.86849221e-01  3.00028186e-05  6.16149528e-01  3.00028186e-05  6.17819921e-01  3.00028186e-05  0.00000000e+00  3.00028186e-05  1.80181193e+00  3.00028186e-05  6.13360951e-01  3.00028186e-05  6.22275941e-01  3.00028186e-05  1.17951623e+00                                 
 3.00030511e-05  6.86847179e-01  3.00030511e-05  6.16345090e-01  3.00030511e-05  6.16595316e-01  3.00030511e-05  0.00000000e+00  3.00030511e-05  1.79887382e+00  3.00030511e-05  6.14777321e-01  3.00030511e-05  6.17458126e-01  3.00030511e-05  1.17833680e+00                                 
 3.00033940e-05  6.86849542e-01  3.00033940e-05  6.16501962e-01  3.00033940e-05  6.16443284e-01  3.00033940e-05  0.00000000e+00  3.00033940e-05  1.80089225e+00  3.00033940e-05  6.16258746e-01  3.00033940e-05  6.16767479e-01  3.00033940e-05  1.17611451e+00                                 
 3.00038903e-05  6.86847829e-01  3.00038903e-05  6.16479162e-01  3.00038903e-05  6.17672689e-01  3.00038903e-05  0.00000000e+00  3.00038903e-05  1.79929249e+00  3.00038903e-05  6.16163678e-01  3.00038903e-05  6.17166737e-01  3.00038903e-05  1.17265204e+00                                 
 3.00047123e-05  6.86849899e-01  3.00047123e-05  6.16474454e-01  3.00047123e-05  6.19856898e-01  3.00047123e-05  0.00000000e+00  3.00047123e-05  1.80065435e+00  3.00047123e-05  6.16660865e-01  3.00047123e-05  6.19831705e-01  3.00047123e-05  1.16641704e+00                                 
 3.00062176e-05  6.86848157e-01  3.00062176e-05  6.16374961e-01  3.00062176e-05  6.24506454e-01  3.00062176e-05  0.00000000e+00  3.00062176e-05  1.79941182e+00  3.00062176e-05  6.16340216e-01  3.00062176e-05  6.23943626e-01  3.00062176e-05  1.15447986e+00                                 
 3.00092282e-05  6.86850001e-01  3.00092282e-05  6.16287502e-01  3.00092282e-05  6.33443592e-01  3.00092282e-05  0.00000000e+00  3.00092282e-05  1.80059467e+00  3.00092282e-05  6.16586977e-01  3.00092282e-05  6.33372078e-01  3.00092282e-05  1.12947635e+00                                 
 3.00152494e-05  6.86848210e-01  3.00152494e-05  6.16169254e-01  3.00152494e-05  6.51277391e-01  3.00152494e-05  0.00000000e+00  3.00152494e-05  1.79943927e+00  3.00152494e-05  6.16029255e-01  3.00152494e-05  6.50658626e-01  3.00152494e-05  1.07840620e+00                                 
 3.00243609e-05  6.86850003e-01  3.00243609e-05  6.16200781e-01  3.00243609e-05  6.76977583e-01  3.00243609e-05  0.00000000e+00  3.00243609e-05  1.80057860e+00  3.00243609e-05  6.16129804e-01  3.00243609e-05  6.76868271e-01  3.00243609e-05  1.00018863e+00                                 
 3.00376111e-05  6.86848219e-01  3.00376111e-05  6.16177556e-01  3.00376111e-05  7.12722585e-01  3.00376111e-05  0.00000000e+00  3.00376111e-05  1.79944814e+00  3.00376111e-05  6.15615166e-01  3.00376111e-05  7.11980642e-01  3.00376111e-05  8.92869469e-01                                 
 3.00523619e-05  6.86850004e-01  3.00523619e-05  6.16208837e-01  3.00523619e-05  7.49596123e-01  3.00523619e-05  0.00000000e+00  3.00523619e-05  1.80056931e+00  3.00523619e-05  6.15874124e-01  3.00523619e-05  7.49498308e-01  3.00523619e-05  8.10272222e-01                                 
 3.00707085e-05  6.86848223e-01  3.00707085e-05  6.16181241e-01  3.00707085e-05  7.92125589e-01  3.00707085e-05  0.00000000e+00  3.00707085e-05  1.79945272e+00  3.00707085e-05  6.15504774e-01  3.00707085e-05  7.91258131e-01  3.00707085e-05  7.81972566e-01                                 
 3.00884403e-05  6.86850003e-01  3.00884403e-05  6.16210183e-01  3.00884403e-05  8.29298612e-01  3.00884403e-05  0.00000000e+00  3.00884403e-05  1.80056152e+00  3.00884403e-05  6.15834545e-01  3.00884403e-05  8.29312384e-01  3.00884403e-05  8.04710369e-01                                 
 3.01030589e-05  6.86848226e-01  3.01030589e-05  6.16181489e-01  3.01030589e-05  8.57692918e-01  3.01030589e-05  0.00000000e+00  3.01030589e-05  1.79945739e+00  3.01030589e-05  6.15493262e-01  3.01030589e-05  8.56619223e-01  3.01030589e-05  8.32012178e-01                                 
 3.01200873e-05  6.86850000e-01  3.01200873e-05  6.16210464e-01  3.01200873e-05  8.87749448e-01  3.01200873e-05  0.00000000e+00  3.01200873e-05  1.80055357e+00  3.01200873e-05  6.15835829e-01  3.01200873e-05  8.87816370e-01  3.01200873e-05  8.62469271e-01                                 
 3.01403492e-05  6.86848228e-01  3.01403492e-05  6.16181296e-01  3.01403492e-05  9.20379655e-01  3.01403492e-05  0.00000000e+00  3.01403492e-05  1.79946419e+00  3.01403492e-05  6.15490405e-01  3.01403492e-05  9.19015322e-01  3.01403492e-05  8.96601275e-01                                 
 3.01808731e-05  6.86849998e-01  3.01808731e-05  6.16210727e-01  3.01808731e-05  9.75156968e-01  3.01808731e-05  0.00000000e+00  3.01808731e-05  1.80054766e+00  3.01808731e-05  6.15841041e-01  3.01808731e-05  9.75440565e-01  3.01808731e-05  9.54974100e-01                                 
 3.02619207e-05  6.86848230e-01  3.02619207e-05  6.16181190e-01  3.02619207e-05  1.05382596e+00  3.02619207e-05  0.00000000e+00  3.02619207e-05  1.79946531e+00  3.02619207e-05  6.15492903e-01  3.02619207e-05  1.05274074e+00  3.02619207e-05  1.04282989e+00                                 
 3.04240160e-05  6.86849998e-01  3.04240160e-05  6.16210803e-01  3.04240160e-05  1.13341805e+00  3.04240160e-05  0.00000000e+00  3.04240160e-05  1.80054305e+00  3.04240160e-05  6.15847618e-01  3.04240160e-05  1.13414464e+00  3.04240160e-05  1.13508563e+00                                 
 3.06033602e-05  6.86848229e-01  3.06033602e-05  6.16181026e-01  3.06033602e-05  1.16188524e+00  3.06033602e-05  0.00000000e+00  3.06033602e-05  1.79945763e+00  3.06033602e-05  6.15495472e-01  3.06033602e-05  1.16106924e+00  3.06033602e-05  1.16816001e+00                                 
 3.08482417e-05  6.86849998e-01  3.08482417e-05  6.16210837e-01  3.08482417e-05  1.17124290e+00  3.08482417e-05  0.00000000e+00  3.08482417e-05  1.80054193e+00  3.08482417e-05  6.15849503e-01  3.08482417e-05  1.17199734e+00  3.08482417e-05  1.17935800e+00                                 
 3.11287561e-05  6.86848230e-01  3.11287561e-05  6.16181047e-01  3.11287561e-05  1.17275252e+00  3.11287561e-05  0.00000000e+00  3.11287561e-05  1.79946092e+00  3.11287561e-05  6.15496233e-01  3.11287561e-05  1.17210412e+00  3.11287561e-05  1.18110307e+00                                 
 3.16465479e-05  6.86849998e-01  3.16465479e-05  6.16210861e-01  3.16465479e-05  1.17267501e+00  3.16465479e-05  0.00000000e+00  3.16465479e-05  1.80054165e+00  3.16465479e-05  6.15849852e-01  3.16465479e-05  1.17342599e+00  3.16465479e-05  1.18103438e+00                                 
 3.25275538e-05  6.86848230e-01  3.25275538e-05  6.16181065e-01  3.25275538e-05  1.17283077e+00  3.25275538e-05  0.00000000e+00  3.25275538e-05  1.79946281e+00  3.25275538e-05  6.15496439e-01  3.25275538e-05  1.17211652e+00  3.25275538e-05  1.18116679e+00                                 
 3.37275538e-05  6.86849997e-01  3.37275538e-05  6.16210870e-01  3.37275538e-05  1.17266265e+00  3.37275538e-05  0.00000000e+00  3.37275538e-05  1.80054156e+00  3.37275538e-05  6.15849967e-01  3.37275538e-05  1.17341185e+00  3.37275538e-05  1.18101526e+00                                 
 3.49275538e-05  6.86848230e-01  3.49275538e-05  6.16181019e-01  3.49275538e-05  1.17282480e+00  3.49275538e-05  0.00000000e+00  3.49275538e-05  1.79946074e+00  3.49275538e-05  6.15495899e-01  3.49275538e-05  1.17209495e+00  3.49275538e-05  1.18113865e+00                                 
 3.60000000e-05  6.86849997e-01  3.60000000e-05  6.16210920e-01  3.60000000e-05  1.17267127e+00  3.60000000e-05  0.00000000e+00  3.60000000e-05  1.80054529e+00  3.60000000e-05  6.15850523e-01  3.60000000e-05  1.17343410e+00  3.60000000e-05  1.18104496e+00                                 
 3.60001000e-05  6.86874423e-01  3.60001000e-05  6.16366264e-01  3.60001000e-05  1.17406357e+00  3.60001000e-05  1.80000000e-01  3.60001000e-05  1.80027876e+00  3.60001000e-05  6.17130547e-01  3.60001000e-05  1.17443738e+00  3.60001000e-05  1.18108300e+00                                 
 3.60003000e-05  6.86856587e-01  3.60003000e-05  6.16386678e-01  3.60003000e-05  1.17377225e+00  3.60003000e-05  5.40000000e-01  3.60003000e-05  1.79987516e+00  3.60003000e-05  6.17429451e-01  3.60003000e-05  1.17445618e+00  3.60003000e-05  1.18109244e+00                                 
 3.60006252e-05  6.86790101e-01  3.60006252e-05  6.15792782e-01  3.60006252e-05  1.17112137e+00  3.60006252e-05  1.12542138e+00  3.60006252e-05  1.80228803e+00  3.60006252e-05  6.12548976e-01  3.60006252e-05  1.17243351e+00  3.60006252e-05  1.18110645e+00                                 
 3.60009554e-05  6.87149391e-01  3.60009554e-05  6.16310435e-01  3.60009554e-05  1.15991115e+00  3.60009554e-05  1.71976151e+00  3.60009554e-05  1.37441072e-01  3.60009554e-05  6.15821025e-01  3.60009554e-05  1.17278463e+00  3.60009554e-05  1.18114395e+00                                 
 3.60010000e-05  6.87424318e-01  3.60010000e-05  6.16601654e-01  3.60010000e-05  1.15581494e+00  3.60010000e-05  1.80000000e+00  3.60010000e-05 -1.99222150e-02  3.60010000e-05  6.18778284e-01  3.60010000e-05  1.17401805e+00  3.60010000e-05  1.18116472e+00                                 
 3.60010166e-05  6.87477384e-01  3.60010166e-05  6.16535583e-01  3.60010166e-05  1.15388010e+00  3.60010166e-05  1.80000000e+00  3.60010166e-05 -7.45613939e-03  3.60010166e-05  6.18329487e-01  3.60010166e-05  1.17391518e+00  3.60010166e-05  1.18115152e+00                                 
 3.60010499e-05  6.87554725e-01  3.60010499e-05  6.16398242e-01  3.60010499e-05  1.15102003e+00  3.60010499e-05  1.80000000e+00  3.60010499e-05  2.15911412e-03  3.60010499e-05  6.17115111e-01  3.60010499e-05  1.17314433e+00  3.60010499e-05  1.18112647e+00                                 
 3.60011163e-05  6.87640656e-01  3.60011163e-05  6.16254868e-01  3.60011163e-05  1.14926604e+00  3.60011163e-05  1.80000000e+00  3.60011163e-05 -6.55020574e-04  3.60011163e-05  6.15835283e-01  3.60011163e-05  1.17206051e+00  3.60011163e-05  1.18113278e+00                                 
 3.60012493e-05  6.87682490e-01  3.60012493e-05  6.16232726e-01  3.60012493e-05  1.14901619e+00  3.60012493e-05  1.80000000e+00  3.60012493e-05  6.96807229e-04  3.60012493e-05  6.15910586e-01  3.60012493e-05  1.17213833e+00  3.60012493e-05  1.18115105e+00                                 
 3.60014792e-05  6.87550674e-01  3.60014792e-05  6.16205754e-01  3.60014792e-05  1.14925998e+00  3.60014792e-05  1.80000000e+00  3.60014792e-05 -5.62346738e-04  3.60014792e-05  6.15751605e-01  3.60014792e-05  1.17198341e+00  3.60014792e-05  1.18115079e+00                                 
 3.60017583e-05  6.87330444e-01  3.60017583e-05  6.16200963e-01  3.60017583e-05  1.14993574e+00  3.60017583e-05  1.80000000e+00  3.60017583e-05  4.25043740e-04  3.60017583e-05  6.15810813e-01  3.60017583e-05  1.17204806e+00  3.60017583e-05  1.18116239e+00                                 
 3.60022028e-05  6.87047722e-01  3.60022028e-05  6.16194808e-01  3.60022028e-05  1.14967280e+00  3.60022028e-05  1.80000000e+00  3.60022028e-05 -4.46429376e-04  3.60022028e-05  6.15728461e-01  3.60022028e-05  1.17196520e+00  3.60022028e-05  1.18115270e+00                                 
 3.60029540e-05  6.86804401e-01  3.60029540e-05  6.16195963e-01  3.60029540e-05  1.14749284e+00  3.60029540e-05  1.80000000e+00  3.60029540e-05  3.74191174e-04  3.60029540e-05  6.15775708e-01  3.60029540e-05  1.17201826e+00  3.60029540e-05  1.18114475e+00                                 
 3.60044565e-05  6.86674586e-01  3.60044565e-05  6.16190995e-01  3.60044565e-05  1.13923433e+00  3.60044565e-05  1.80000000e+00  3.60044565e-05 -3.95371672e-04  3.60044565e-05  6.15678810e-01  3.60044565e-05  1.17192462e+00  3.60044565e-05  1.18109241e+00                                 
 3.60073428e-05  6.86729572e-01  3.60073428e-05  6.16193871e-01  3.60073428e-05  1.11930971e+00  3.60073428e-05  1.80000000e+00  3.60073428e-05  3.74139160e-04  3.60073428e-05  6.15707166e-01  3.60073428e-05  1.17195838e+00  3.60073428e-05  1.18100151e+00                                 
 3.60115376e-05  6.86806724e-01  3.60115376e-05  6.16193293e-01  3.60115376e-05  1.08621037e+00  3.60115376e-05  1.80000000e+00  3.60115376e-05 -3.77548358e-04  3.60115376e-05  6.15629572e-01  3.60115376e-05  1.17187606e+00  3.60115376e-05  1.18086493e+00                                 
 3.60163241e-05  6.86848939e-01  3.60163241e-05  6.16197011e-01  3.60163241e-05  1.04544820e+00  3.60163241e-05  1.80000000e+00  3.60163241e-05  3.70791151e-04  3.60163241e-05  6.15689333e-01  3.60163241e-05  1.17193344e+00  3.60163241e-05  1.18074713e+00                                 
 3.60214592e-05  6.86854740e-01  3.60214592e-05  6.16194655e-01  3.60214592e-05  1.00065272e+00  3.60214592e-05  1.80000000e+00  3.60214592e-05 -3.69427925e-04  3.60214592e-05  6.15628568e-01  3.60214592e-05  1.17186665e+00  3.60214592e-05  1.18063181e+00                                 
 3.60281897e-05  6.86858671e-01  3.60281897e-05  6.16197344e-01  3.60281897e-05  9.41964020e-01  3.60281897e-05  1.80000000e+00  3.60281897e-05  3.66486326e-04  3.60281897e-05  6.15691396e-01  3.60281897e-05  1.17192758e+00  3.60281897e-05  1.18052787e+00                                 
 3.60377544e-05  6.86853581e-01  3.60377544e-05  6.16194612e-01  3.60377544e-05  8.59156252e-01  3.60377544e-05  1.80000000e+00  3.60377544e-05 -3.64288832e-04  3.60377544e-05  6.15630664e-01  3.60377544e-05  1.17186142e+00  3.60377544e-05  1.18041009e+00                                 
 3.60509805e-05  6.86855652e-01  3.60509805e-05  6.16197227e-01  3.60509805e-05  7.49867337e-01  3.60509805e-05  1.80000000e+00  3.60509805e-05  3.66438180e-04  3.60509805e-05  6.15690989e-01  3.60509805e-05  1.17192112e+00  3.60509805e-05  1.18032185e+00                                 
 3.60650608e-05  6.86849661e-01  3.60650608e-05  6.16195343e-01  3.60650608e-05  6.65620505e-01  3.60650608e-05  1.80000000e+00  3.60650608e-05 -3.55921183e-04  3.60650608e-05  6.15648055e-01  3.60650608e-05  1.17187214e+00  3.60650608e-05  1.18026312e+00                                 
 3.60828550e-05  6.86850586e-01  3.60828550e-05  6.16196781e-01  3.60828550e-05  6.26249902e-01  3.60828550e-05  1.80000000e+00  3.60828550e-05  3.71570113e-04  3.60828550e-05  6.15707558e-01  3.60828550e-05  1.17193301e+00  3.60828550e-05  1.18024135e+00                                 
 3.60980803e-05  6.86844067e-01  3.60980803e-05  6.16194880e-01  3.60980803e-05  6.19187891e-01  3.60980803e-05  1.80000000e+00  3.60980803e-05 -3.51674441e-04  3.60980803e-05  6.15647190e-01  3.60980803e-05  1.17187018e+00  3.60980803e-05  1.18022362e+00                                 
 3.61155469e-05  6.86852336e-01  3.61155469e-05  6.16196871e-01  3.61155469e-05  6.15946909e-01  3.61155469e-05  1.80000000e+00  3.61155469e-05  3.70266762e-04  3.61155469e-05  6.15702002e-01  3.61155469e-05  1.17192733e+00  3.61155469e-05  1.18022250e+00                                 
 3.61325744e-05  6.86845935e-01  3.61325744e-05  6.16194955e-01  3.61325744e-05  6.15532825e-01  3.61325744e-05  1.80000000e+00  3.61325744e-05 -3.49732597e-04  3.61325744e-05  6.15645021e-01  3.61325744e-05  1.17186749e+00  3.61325744e-05  1.18021184e+00                                 
 3.61666295e-05  6.86851901e-01  3.61666295e-05  6.16196881e-01  3.61666295e-05  6.15006216e-01  3.61666295e-05  1.80000000e+00  3.61666295e-05  3.68985178e-04  3.61666295e-05  6.15700796e-01  3.61666295e-05  1.17192520e+00  3.61666295e-05  1.18021459e+00                                 
 3.62138741e-05  6.86846513e-01  3.62138741e-05  6.16194972e-01  3.62138741e-05  6.15212391e-01  3.62138741e-05  1.80000000e+00  3.62138741e-05 -3.48953453e-04  3.62138741e-05  6.15644633e-01  3.62138741e-05  1.17186562e+00  3.62138741e-05  1.18020644e+00                                 
 3.63083634e-05  6.86851627e-01  3.63083634e-05  6.16196878e-01  3.63083634e-05  6.15040174e-01  3.63083634e-05  1.80000000e+00  3.63083634e-05  3.68505218e-04  3.63083634e-05  6.15700789e-01  3.63083634e-05  1.17192263e+00  3.63083634e-05  1.18021131e+00                                 
 3.64973419e-05  6.86846642e-01  3.64973419e-05  6.16194973e-01  3.64973419e-05  6.15202572e-01  3.64973419e-05  1.80000000e+00  3.64973419e-05 -3.48714178e-04  3.64973419e-05  6.15644634e-01  3.64973419e-05  1.17186053e+00  3.64973419e-05  1.18020136e+00                                 
 3.68752989e-05  6.86851564e-01  3.68752989e-05  6.16196878e-01  3.68752989e-05  6.15045467e-01  3.68752989e-05  1.80000000e+00  3.68752989e-05  3.68385612e-04  3.68752989e-05  6.15700789e-01  3.68752989e-05  1.17191243e+00  3.68752989e-05  1.18020110e+00                                 
 3.76312129e-05  6.86846674e-01  3.76312129e-05  6.16194973e-01  3.76312129e-05  6.15200423e-01  3.76312129e-05  1.80000000e+00  3.76312129e-05 -3.48654432e-04  3.76312129e-05  6.15644634e-01  3.76312129e-05  1.17184016e+00  3.76312129e-05  1.18018098e+00                                 
 3.88312129e-05  6.86851547e-01  3.88312129e-05  6.16196878e-01  3.88312129e-05  6.15046575e-01  3.88312129e-05  1.80000000e+00  3.88312129e-05  3.68353141e-04  3.88312129e-05  6.15700789e-01  3.88312129e-05  1.17187733e+00  3.88312129e-05  1.18016599e+00                                 
 4.00312129e-05  6.86846686e-01  4.00312129e-05  6.16194973e-01  4.00312129e-05  6.15199115e-01  4.00312129e-05  1.80000000e+00  4.00312129e-05 -3.48629351e-04  4.00312129e-05  6.15644634e-01  4.00312129e-05  1.17179713e+00  4.00312129e-05  1.18013793e+00                                 
 4.12312129e-05  6.86851534e-01  4.12312129e-05  6.16196878e-01  4.12312129e-05  6.15047374e-01  4.12312129e-05  1.80000000e+00  4.12312129e-05  3.68328049e-04  4.12312129e-05  6.15700788e-01  4.12312129e-05  1.17183433e+00  4.12312129e-05  1.18012297e+00                                 
 4.20010000e-05  6.86846703e-01  4.20010000e-05  6.16194974e-01  4.20010000e-05  6.15325200e-01  4.20010000e-05  1.80000000e+00  4.20010000e-05 -3.49645799e-04  4.20010000e-05  6.15644642e-01  4.20010000e-05  1.17176181e+00  4.20010000e-05  1.18010258e+00                                 
 4.20011000e-05  6.86797631e-01  4.20011000e-05  6.15958652e-01  4.20011000e-05  6.13639014e-01  4.20011000e-05  1.62000000e+00  4.20011000e-05 -1.28259673e-04  4.20011000e-05  6.14162710e-01  4.20011000e-05  1.17051051e+00  4.20011000e-05  1.18009599e+00                                 
 4.20013000e-05  6.86831969e-01  4.20013000e-05  6.15951019e-01  4.20013000e-05  6.13574771e-01  4.20013000e-05  1.26000000e+00  4.20013000e-05  3.22518756e-05  4.20013000e-05  6.13819835e-01  4.20013000e-05  1.17022495e+00  4.20013000e-05  1.18011022e+00                                 
 4.20016472e-05  6.86900931e-01  4.20016472e-05  6.16151714e-01  4.20016472e-05  6.15597345e-01  4.20016472e-05  6.34988553e-01  4.20016472e-05  1.26507958e-02  4.20016472e-05  6.14063668e-01  4.20016472e-05  1.16697636e+00  4.20016472e-05  1.18008713e+00                                 
 4.20020000e-05  6.86831219e-01  4.20020000e-05  6.15639028e-01  4.20020000e-05  6.36922351e-01  4.20020000e-05  0.00000000e+00  4.20020000e-05  1.61266005e+00  4.20020000e-05  6.09302664e-01  4.20020000e-05  1.03463501e+00  4.20020000e-05  1.17965256e+00                                 
 4.20020468e-05  6.86848034e-01  4.20020468e-05  6.14993412e-01  4.20020468e-05  6.45634171e-01  4.20020468e-05  0.00000000e+00  4.20020468e-05  1.73278349e+00  4.20020468e-05  6.01937835e-01  4.20020468e-05  9.74809883e-01  4.20020468e-05  1.17945171e+00                                 
 4.20021403e-05  6.86850951e-01  4.20021403e-05  6.14055596e-01  4.20021403e-05  6.51628927e-01  4.20021403e-05  0.00000000e+00  4.20021403e-05  1.81524454e+00  4.20021403e-05  5.91331461e-01  4.20021403e-05  8.55184177e-01  4.20021403e-05  1.17963354e+00                                 
 4.20023052e-05  6.86846806e-01  4.20023052e-05  6.14291789e-01  4.20023052e-05  6.38408776e-01  4.20023052e-05  0.00000000e+00  4.20023052e-05  1.78834941e+00  4.20023052e-05  5.94448114e-01  4.20023052e-05  7.12106719e-01  4.20023052e-05  1.18038708e+00                                 
 4.20024769e-05  6.86849336e-01  4.20024769e-05  6.15181380e-01  4.20024769e-05  6.26915458e-01  4.20024769e-05  0.00000000e+00  4.20024769e-05  1.80552828e+00  4.20024769e-05  6.04280510e-01  4.20024769e-05  6.53367309e-01  4.20024769e-05  1.18047000e+00                                 
 4.20026270e-05  6.86846572e-01  4.20026270e-05  6.15662579e-01  4.20026270e-05  6.21276802e-01  4.20026270e-05  0.00000000e+00  4.20026270e-05  1.79709106e+00  4.20026270e-05  6.08778208e-01  4.20026270e-05  6.31921018e-01  4.20026270e-05  1.18034435e+00                                 
 4.20028186e-05  6.86849221e-01  4.20028186e-05  6.16149531e-01  4.20028186e-05  6.17819739e-01  4.20028186e-05  0.00000000e+00  4.20028186e-05  1.80181201e+00  4.20028186e-05  6.13360756e-01  4.20028186e-05  6.22276140e-01  4.20028186e-05  1.17956588e+00                                 
 4.20030511e-05  6.86847179e-01  4.20030511e-05  6.16345105e-01  4.20030511e-05  6.16595046e-01  4.20030511e-05  0.00000000e+00  4.20030511e-05  1.79887379e+00  4.20030511e-05  6.14777218e-01  4.20030511e-05  6.17458007e-01  4.20030511e-05  1.17838651e+00                                 
 4.20033940e-05  6.86849542e-01  4.20033940e-05  6.16501990e-01  4.20033940e-05  6.16442893e-01  4.20033940e-05  0.00000000e+00  4.20033940e-05  1.80089228e+00  4.20033940e-05  6.16258760e-01  4.20033940e-05  6.16767157e-01  4.20033940e-05  1.17616428e+00                                 
 4.20038903e-05  6.86847829e-01  4.20038903e-05  6.16479192e-01  4.20038903e-05  6.17672236e-01  4.20038903e-05  0.00000000e+00  4.20038903e-05  1.79929248e+00  4.20038903e-05  6.16163719e-01  4.20038903e-05  6.17166275e-01  4.20038903e-05  1.17270200e+00                                 
 4.20047122e-05  6.86849899e-01  4.20047122e-05  6.16474485e-01  4.20047122e-05  6.19856325e-01  4.20047122e-05  0.00000000e+00  4.20047122e-05  1.80065436e+00  4.20047122e-05  6.16660934e-01  4.20047122e-05  6.19831150e-01  4.20047122e-05  1.16646728e+00                                 
 4.20062174e-05  6.86848156e-01  4.20062174e-05  6.16374989e-01  4.20062174e-05  6.24505598e-01  4.20062174e-05  0.00000000e+00  4.20062174e-05  1.79941181e+00  4.20062174e-05  6.16340286e-01  4.20062174e-05  6.23942757e-01  4.20062174e-05  1.15453099e+00                                 
 4.20092278e-05  6.86850001e-01  4.20092278e-05  6.16287522e-01  4.20092278e-05  6.33442144e-01  4.20092278e-05  0.00000000e+00  4.20092278e-05  1.80059467e+00  4.20092278e-05  6.16587062e-01  4.20092278e-05  6.33370646e-01  4.20092278e-05  1.12952927e+00                                 
 4.20152486e-05  6.86848210e-01  4.20152486e-05  6.16169256e-01  4.20152486e-05  6.51274873e-01  4.20152486e-05  0.00000000e+00  4.20152486e-05  1.79943927e+00  4.20152486e-05  6.16029324e-01  4.20152486e-05  6.50656100e-01  4.20152486e-05  1.07846268e+00                                 
 4.20243595e-05  6.86850003e-01  4.20243595e-05  6.16200779e-01  4.20243595e-05  6.76973820e-01  4.20243595e-05  0.00000000e+00  4.20243595e-05  1.80057860e+00  4.20243595e-05  6.16129861e-01  4.20243595e-05  6.76864530e-01  4.20243595e-05  1.00024947e+00                                 
 4.20376100e-05  6.86848219e-01  4.20376100e-05  6.16177556e-01  4.20376100e-05  7.12719837e-01  4.20376100e-05  0.00000000e+00  4.20376100e-05  1.79944814e+00  4.20376100e-05  6.15615181e-01  4.20376100e-05  7.11977886e-01  4.20376100e-05  8.92923599e-01                                 
 4.20523608e-05  6.86850004e-01  4.20523608e-05  6.16208836e-01  4.20523608e-05  7.49594026e-01  4.20523608e-05  0.00000000e+00  4.20523608e-05  1.80056931e+00  4.20523608e-05  6.15874135e-01  4.20523608e-05  7.49496214e-01  4.20523608e-05  8.10307767e-01                                 
 4.20707104e-05  6.86848223e-01  4.20707104e-05  6.16181241e-01  4.20707104e-05  7.92130411e-01  4.20707104e-05  0.00000000e+00  4.20707104e-05  1.79945272e+00  4.20707104e-05  6.15504768e-01  4.20707104e-05  7.91262902e-01  4.20707104e-05  7.81982610e-01                                 
 4.20884507e-05  6.86850003e-01  4.20884507e-05  6.16210184e-01  4.20884507e-05  8.29320585e-01  4.20884507e-05  0.00000000e+00  4.20884507e-05  1.80056152e+00  4.20884507e-05  6.15834547e-01  4.20884507e-05  8.29334423e-01  4.20884507e-05  8.04729464e-01                                 
 4.21030685e-05  6.86848226e-01  4.21030685e-05  6.16181488e-01  4.21030685e-05  8.57711912e-01  4.21030685e-05  0.00000000e+00  4.21030685e-05  1.79945739e+00  4.21030685e-05  6.15493256e-01  4.21030685e-05  8.56638089e-01  4.21030685e-05  8.32031013e-01                                 
 4.21200963e-05  6.86850000e-01  4.21200963e-05  6.16210464e-01  4.21200963e-05  8.87765885e-01  4.21200963e-05  0.00000000e+00  4.21200963e-05  1.80055357e+00  4.21200963e-05  6.15835835e-01  4.21200963e-05  8.87832868e-01  4.21200963e-05  8.62485900e-01                                 
 4.21403509e-05  6.86848229e-01  4.21403509e-05  6.16181295e-01  4.21403509e-05  9.20383702e-01  4.21403509e-05  0.00000000e+00  4.21403509e-05  1.79946419e+00  4.21403509e-05  6.15490398e-01  4.21403509e-05  9.19019345e-01  4.21403509e-05  8.96605264e-01                                 
 4.21808601e-05  6.86849998e-01  4.21808601e-05  6.16210728e-01  4.21808601e-05  9.75143206e-01  4.21808601e-05  0.00000000e+00  4.21808601e-05  1.80054766e+00  4.21808601e-05  6.15841048e-01  4.21808601e-05  9.75426752e-01  4.21808601e-05  9.54958681e-01                                 
 4.22618787e-05  6.86848230e-01  4.22618787e-05  6.16181190e-01  4.22618787e-05  1.05379611e+00  4.22618787e-05  0.00000000e+00  4.22618787e-05  1.79946531e+00  4.22618787e-05  6.15492895e-01  4.22618787e-05  1.05271036e+00  4.22618787e-05  1.04279469e+00                                 
 4.24239157e-05  6.86849998e-01  4.24239157e-05  6.16210804e-01  4.24239157e-05  1.13339102e+00  4.24239157e-05  0.00000000e+00  4.24239157e-05  1.80054305e+00  4.24239157e-05  6.15847624e-01  4.24239157e-05  1.13411756e+00  4.24239157e-05  1.13505265e+00                                 
 4.26032659e-05  6.86848229e-01  4.26032659e-05  6.16181025e-01  4.26032659e-05  1.16188072e+00  4.26032659e-05  0.00000000e+00  4.26032659e-05  1.79945763e+00  4.26032659e-05  6.15495464e-01  4.26032659e-05  1.16106469e+00  4.26032659e-05  1.16815453e+00                                 
 4.28480990e-05  6.86849998e-01  4.28480990e-05  6.16210838e-01  4.28480990e-05  1.17124425e+00  4.28480990e-05  0.00000000e+00  4.28480990e-05  1.80054193e+00  4.28480990e-05  6.15849511e-01  4.28480990e-05  1.17199868e+00  4.28480990e-05  1.17935864e+00                                 
 4.31286028e-05  6.86848230e-01  4.31286028e-05  6.16181047e-01  4.31286028e-05  1.17275583e+00  4.31286028e-05  0.00000000e+00  4.31286028e-05  1.79946092e+00  4.31286028e-05  6.15496226e-01  4.31286028e-05  1.17210751e+00  4.31286028e-05  1.18110663e+00                                 
 4.36461334e-05  6.86849997e-01  4.36461334e-05  6.16210861e-01  4.36461334e-05  1.17267845e+00  4.36461334e-05  0.00000000e+00  4.36461334e-05  1.80054165e+00  4.36461334e-05  6.15849860e-01  4.36461334e-05  1.17342943e+00  4.36461334e-05  1.18103760e+00                                 
 4.45269914e-05  6.86848230e-01  4.45269914e-05  6.16181065e-01  4.45269914e-05  1.17283421e+00  4.45269914e-05  0.00000000e+00  4.45269914e-05  1.79946281e+00  4.45269914e-05  6.15496432e-01  4.45269914e-05  1.17211998e+00  4.45269914e-05  1.18117039e+00                                 
 4.57269914e-05  6.86849997e-01  4.57269914e-05  6.16210870e-01  4.57269914e-05  1.17266608e+00  4.57269914e-05  0.00000000e+00  4.57269914e-05  1.80054156e+00  4.57269914e-05  6.15849975e-01  4.57269914e-05  1.17341528e+00  4.57269914e-05  1.18101850e+00                                 
 4.69269914e-05  6.86848230e-01  4.69269914e-05  6.16181018e-01  4.69269914e-05  1.17282828e+00  4.69269914e-05  0.00000000e+00  4.69269914e-05  1.79946074e+00  4.69269914e-05  6.15495891e-01  4.69269914e-05  1.17209843e+00  4.69269914e-05  1.18114228e+00                                 
 4.80000000e-05  6.86849997e-01  4.80000000e-05  6.16210920e-01  4.80000000e-05  1.17267475e+00  4.80000000e-05  0.00000000e+00  4.80000000e-05  1.80054529e+00  4.80000000e-05  6.15850531e-01  4.80000000e-05  1.17343759e+00  4.80000000e-05  1.18104824e+00                                 
 4.80001000e-05  6.86874423e-01  4.80001000e-05  6.16366265e-01  4.80001000e-05  1.17406707e+00  4.80001000e-05  1.80000000e-01  4.80001000e-05  1.80027876e+00  4.80001000e-05  6.17130549e-01  4.80001000e-05  1.17444087e+00  4.80001000e-05  1.18108629e+00                                 
 4.80003000e-05  6.86856587e-01  4.80003000e-05  6.16386678e-01  4.80003000e-05  1.17377575e+00  4.80003000e-05  5.40000000e-01  4.80003000e-05  1.79987516e+00  4.80003000e-05  6.17429451e-01  4.80003000e-05  1.17445967e+00  4.80003000e-05  1.18109575e+00                                 
 4.80006252e-05  6.86790101e-01  4.80006252e-05  6.15792782e-01  4.80006252e-05  1.17112487e+00  4.80006252e-05  1.12542136e+00  4.80006252e-05  1.80228802e+00  4.80006252e-05  6.12548976e-01  4.80006252e-05  1.17243699e+00  4.80006252e-05  1.18110978e+00                                 
 4.80009554e-05  6.87149394e-01  4.80009554e-05  6.16310435e-01  4.80009554e-05  1.15991453e+00  4.80009554e-05  1.71976142e+00  4.80009554e-05  1.37441137e-01  4.80009554e-05  6.15821027e-01  4.80009554e-05  1.17278812e+00  4.80009554e-05  1.18114729e+00                                 
 4.80010000e-05  6.87424322e-01  4.80010000e-05  6.16601654e-01  4.80010000e-05  1.15581830e+00  4.80010000e-05  1.80000000e+00  4.80010000e-05 -1.99222577e-02  4.80010000e-05  6.18778286e-01  4.80010000e-05  1.17402153e+00  4.80010000e-05  1.18116806e+00                                 
 4.80010166e-05  6.87477389e-01  4.80010166e-05  6.16535583e-01  4.80010166e-05  1.15388345e+00  4.80010166e-05  1.80000000e+00  4.80010166e-05 -7.45614502e-03  4.80010166e-05  6.18329487e-01  4.80010166e-05  1.17391867e+00  4.80010166e-05  1.18115486e+00                                 
 4.80010499e-05  6.87554730e-01  4.80010499e-05  6.16398242e-01  4.80010499e-05  1.15102338e+00  4.80010499e-05  1.80000000e+00  4.80010499e-05  2.15912415e-03  4.80010499e-05  6.17115107e-01  4.80010499e-05  1.17314781e+00  4.80010499e-05  1.18112981e+00                                 
 4.80011163e-05  6.87640660e-01  4.80011163e-05  6.16254868e-01  4.80011163e-05  1.14926940e+00  4.80011163e-05  1.80000000e+00  4.80011163e-05 -6.55026134e-04  4.80011163e-05  6.15835282e-01  4.80011163e-05  1.17206399e+00  4.80011163e-05  1.18113612e+00                                 
 4.80012493e-05  6.87682494e-01  4.80012493e-05  6.16232726e-01  4.80012493e-05  1.14901955e+00  4.80012493e-05  1.80000000e+00  4.80012493e-05  6.96812323e-04  4.80012493e-05  6.15910588e-01  4.80012493e-05  1.17214181e+00  4.80012493e-05  1.18115440e+00                                 
 4.80014792e-05  6.87550677e-01  4.80014792e-05  6.16205754e-01  4.80014792e-05  1.14926335e+00  4.80014792e-05  1.80000000e+00  4.80014792e-05 -5.62351515e-04  4.80014792e-05  6.15751605e-01  4.80014792e-05  1.17198689e+00  4.80014792e-05  1.18115414e+00                                 
 4.80017583e-05  6.87330445e-01  4.80017583e-05  6.16200963e-01  4.80017583e-05  1.14993911e+00  4.80017583e-05  1.80000000e+00  4.80017583e-05  4.25047575e-04  4.80017583e-05  6.15810814e-01  4.80017583e-05  1.17205155e+00  4.80017583e-05  1.18116574e+00                                 
 4.80022028e-05  6.87047722e-01  4.80022028e-05  6.16194808e-01  4.80022028e-05  1.14967615e+00  4.80022028e-05  1.80000000e+00  4.80022028e-05 -4.46433432e-04  4.80022028e-05  6.15728460e-01  4.80022028e-05  1.17196868e+00  4.80022028e-05  1.18115605e+00                                 
 4.80029541e-05  6.86804400e-01  4.80029541e-05  6.16195963e-01  4.80029541e-05  1.14749617e+00  4.80029541e-05  1.80000000e+00  4.80029541e-05  3.74194824e-04  4.80029541e-05  6.15775708e-01  4.80029541e-05  1.17202174e+00  4.80029541e-05  1.18114812e+00                                 
 4.80044565e-05  6.86674585e-01  4.80044565e-05  6.16190994e-01  4.80044565e-05  1.13923761e+00  4.80044565e-05  1.80000000e+00  4.80044565e-05 -3.95375378e-04  4.80044565e-05  6.15678810e-01  4.80044565e-05  1.17192811e+00  4.80044565e-05  1.18109578e+00                                 
 4.80073428e-05  6.86729571e-01  4.80073428e-05  6.16193871e-01  4.80073428e-05  1.11931302e+00  4.80073428e-05  1.80000000e+00  4.80073428e-05  3.74142719e-04  4.80073428e-05  6.15707166e-01  4.80073428e-05  1.17196187e+00  4.80073428e-05  1.18100490e+00                                 
 4.80115377e-05  6.86806724e-01  4.80115377e-05  6.16193293e-01  4.80115377e-05  1.08621346e+00  4.80115377e-05  1.80000000e+00  4.80115377e-05 -3.77551972e-04  4.80115377e-05  6.15629571e-01  4.80115377e-05  1.17187954e+00  4.80115377e-05  1.18086834e+00                                 
 4.80163241e-05  6.86848939e-01  4.80163241e-05  6.16197011e-01  4.80163241e-05  1.04545148e+00  4.80163241e-05  1.80000000e+00  4.80163241e-05  3.70794697e-04  4.80163241e-05  6.15689334e-01  4.80163241e-05  1.17193692e+00  4.80163241e-05  1.18075055e+00                                 
 4.80214592e-05  6.86854740e-01  4.80214592e-05  6.16194655e-01  4.80214592e-05  1.00065604e+00  4.80214592e-05  1.80000000e+00  4.80214592e-05 -3.69431459e-04  4.80214592e-05  6.15628567e-01  4.80214592e-05  1.17187014e+00  4.80214592e-05  1.18063525e+00                                 
 4.80281897e-05  6.86858672e-01  4.80281897e-05  6.16197345e-01  4.80281897e-05  9.41967734e-01  4.80281897e-05  1.80000000e+00  4.80281897e-05  3.66489788e-04  4.80281897e-05  6.15691397e-01  4.80281897e-05  1.17193107e+00  4.80281897e-05  1.18053132e+00                                 
 4.80377544e-05  6.86853581e-01  4.80377544e-05  6.16194612e-01  4.80377544e-05  8.59159824e-01  4.80377544e-05  1.80000000e+00  4.80377544e-05 -3.64292351e-04  4.80377544e-05  6.15630664e-01  4.80377544e-05  1.17186491e+00  4.80377544e-05  1.18041356e+00                                 
 4.80509807e-05  6.86855653e-01  4.80509807e-05  6.16197227e-01  4.80509807e-05  7.49868894e-01  4.80509807e-05  1.80000000e+00  4.80509807e-05  3.66441632e-04  4.80509807e-05  6.15690990e-01  4.80509807e-05  1.17192461e+00  4.80509807e-05  1.18032532e+00                                 
 4.80650609e-05  6.86849661e-01  4.80650609e-05  6.16195343e-01  4.80650609e-05  6.65621720e-01  4.80650609e-05  1.80000000e+00  4.80650609e-05 -3.55924759e-04  4.80650609e-05  6.15648054e-01  4.80650609e-05  1.17187563e+00  4.80650609e-05  1.18026661e+00                                 
 4.80828551e-05  6.86850586e-01  4.80828551e-05  6.16196781e-01  4.80828551e-05  6.26250094e-01  4.80828551e-05  1.80000000e+00  4.80828551e-05  3.71573605e-04  4.80828551e-05  6.15707559e-01  4.80828551e-05  1.17193650e+00  4.80828551e-05  1.18024484e+00                                 
 4.80980806e-05  6.86844067e-01  4.80980806e-05  6.16194880e-01  4.80980806e-05  6.19187920e-01  4.80980806e-05  1.80000000e+00  4.80980806e-05 -3.51677939e-04  4.80980806e-05  6.15647189e-01  4.80980806e-05  1.17187367e+00  4.80980806e-05  1.18022711e+00                                 
 4.81155472e-05  6.86852336e-01  4.81155472e-05  6.16196871e-01  4.81155472e-05  6.15946895e-01  4.81155472e-05  1.80000000e+00  4.81155472e-05  3.70270251e-04  4.81155472e-05  6.15702002e-01  4.81155472e-05  1.17193082e+00  4.81155472e-05  1.18022599e+00                                 
 4.81325746e-05  6.86845935e-01  4.81325746e-05  6.16194955e-01  4.81325746e-05  6.15532843e-01  4.81325746e-05  1.80000000e+00  4.81325746e-05 -3.49736065e-04  4.81325746e-05  6.15645020e-01  4.81325746e-05  1.17187098e+00  4.81325746e-05  1.18021533e+00                                 
 4.81666295e-05  6.86851901e-01  4.81666295e-05  6.16196881e-01  4.81666295e-05  6.15006209e-01  4.81666295e-05  1.80000000e+00  4.81666295e-05  3.68988640e-04  4.81666295e-05  6.15700797e-01  4.81666295e-05  1.17192869e+00  4.81666295e-05  1.18021808e+00                                 
 4.82138740e-05  6.86846513e-01  4.82138740e-05  6.16194972e-01  4.82138740e-05  6.15212405e-01  4.82138740e-05  1.80000000e+00  4.82138740e-05 -3.48956908e-04  4.82138740e-05  6.15644632e-01  4.82138740e-05  1.17186911e+00  4.82138740e-05  1.18020994e+00                                 
 4.83083628e-05  6.86851627e-01  4.83083628e-05  6.16196878e-01  4.83083628e-05  6.15040167e-01  4.83083628e-05  1.80000000e+00  4.83083628e-05  3.68508671e-04  4.83083628e-05  6.15700790e-01  4.83083628e-05  1.17192612e+00  4.83083628e-05  1.18021480e+00                                 
 4.84973405e-05  6.86846642e-01  4.84973405e-05  6.16194973e-01  4.84973405e-05  6.15202585e-01  4.84973405e-05  1.80000000e+00  4.84973405e-05 -3.48717628e-04  4.84973405e-05  6.15644634e-01  4.84973405e-05  1.17186403e+00  4.84973405e-05  1.18020486e+00                                 
 4.88752959e-05  6.86851564e-01  4.88752959e-05  6.16196878e-01  4.88752959e-05  6.15045461e-01  4.88752959e-05  1.80000000e+00  4.88752959e-05  3.68389063e-04  4.88752959e-05  6.15700790e-01  4.88752959e-05  1.17191596e+00  4.88752959e-05  1.18020463e+00                                 
 4.96312067e-05  6.86846673e-01  4.96312067e-05  6.16194973e-01  4.96312067e-05  6.15200437e-01  4.96312067e-05  1.80000000e+00  4.96312067e-05 -3.48657881e-04  4.96312067e-05  6.15644634e-01  4.96312067e-05  1.17184369e+00  4.96312067e-05  1.18018451e+00                                 
 5.08312067e-05  6.86851547e-01  5.08312067e-05  6.16196878e-01  5.08312067e-05  6.15046568e-01  5.08312067e-05  1.80000000e+00  5.08312067e-05  3.68356592e-04  5.08312067e-05  6.15700789e-01  5.08312067e-05  1.17188085e+00  5.08312067e-05  1.18016950e+00                                 
 5.20312067e-05  6.86846686e-01  5.20312067e-05  6.16194973e-01  5.20312067e-05  6.15199127e-01  5.20312067e-05  1.80000000e+00  5.20312067e-05 -3.48632800e-04  5.20312067e-05  6.15644633e-01  5.20312067e-05  1.17180063e+00  5.20312067e-05  1.18014144e+00                                 
 5.32312067e-05  6.86851534e-01  5.32312067e-05  6.16196878e-01  5.32312067e-05  6.15047368e-01  5.32312067e-05  1.80000000e+00  5.32312067e-05  3.68331499e-04  5.32312067e-05  6.15700789e-01  5.32312067e-05  1.17183779e+00  5.32312067e-05  1.18012644e+00                                 
 5.40010000e-05  6.86846703e-01  5.40010000e-05  6.16194974e-01  5.40010000e-05  6.15325182e-01  5.40010000e-05  1.80000000e+00  5.40010000e-05 -3.49649276e-04  5.40010000e-05  6.15644642e-01  5.40010000e-05  1.17176525e+00  5.40010000e-05  1.18010602e+00                                 
 5.40011000e-05  6.86797632e-01  5.40011000e-05  6.15958652e-01  5.40011000e-05  6.13638994e-01  5.40011000e-05  1.62000000e+00  5.40011000e-05 -1.28260015e-04  5.40011000e-05  6.14162710e-01  5.40011000e-05  1.17051394e+00  5.40011000e-05  1.18009943e+00                                 
 5.40013000e-05  6.86831969e-01  5.40013000e-05  6.15951020e-01  5.40013000e-05  6.13574748e-01  5.40013000e-05  1.26000000e+00  5.40013000e-05  3.22521158e-05  5.40013000e-05  6.13819836e-01  5.40013000e-05  1.17022839e+00  5.40013000e-05  1.18011366e+00                                 
 5.40016472e-05  6.86900932e-01  5.40016472e-05  6.16151714e-01  5.40016472e-05  6.15597319e-01  5.40016472e-05  6.34988557e-01  5.40016472e-05  1.26507918e-02  5.40016472e-05  6.14063670e-01  5.40016472e-05  1.16697981e+00  5.40016472e-05  1.18009057e+00                                 
 5.40020000e-05  6.86831220e-01  5.40020000e-05  6.15639018e-01  5.40020000e-05  6.36922456e-01  5.40020000e-05  0.00000000e+00  5.40020000e-05  1.61266001e+00  5.40020000e-05  6.09302558e-01  5.40020000e-05  1.03463756e+00  5.40020000e-05  1.17965600e+00                                 
 5.40020468e-05  6.86848034e-01  5.40020468e-05  6.14993402e-01  5.40020468e-05  6.45634279e-01  5.40020468e-05  0.00000000e+00  5.40020468e-05  1.73278348e+00  5.40020468e-05  6.01937725e-01  5.40020468e-05  9.74812212e-01  5.40020468e-05  1.17945515e+00                                 
 5.40021403e-05  6.86850951e-01  5.40021403e-05  6.14055584e-01  5.40021403e-05  6.51629068e-01  5.40021403e-05  0.00000000e+00  5.40021403e-05  1.81524455e+00  5.40021403e-05  5.91331322e-01  5.40021403e-05  8.55185996e-01  5.40021403e-05  1.17963699e+00                                 
 5.40023052e-05  6.86846806e-01  5.40023052e-05  6.14291777e-01  5.40023052e-05  6.38408903e-01  5.40023052e-05  0.00000000e+00  5.40023052e-05  1.78834939e+00  5.40023052e-05  5.94447976e-01  5.40023052e-05  7.12107462e-01  5.40023052e-05  1.18039053e+00                                 
 5.40024769e-05  6.86849336e-01  5.40024769e-05  6.15181374e-01  5.40024769e-05  6.26915508e-01  5.40024769e-05  0.00000000e+00  5.40024769e-05  1.80552829e+00  5.40024769e-05  6.04280434e-01  5.40024769e-05  6.53367552e-01  5.40024769e-05  1.18047344e+00                                 
 5.40026270e-05  6.86846572e-01  5.40026270e-05  6.15662577e-01  5.40026270e-05  6.21276814e-01  5.40026270e-05  0.00000000e+00  5.40026270e-05  1.79709105e+00  5.40026270e-05  6.08778169e-01  5.40026270e-05  6.31921101e-01  5.40026270e-05  1.18034779e+00                                 
 5.40028186e-05  6.86849221e-01  5.40028186e-05  6.16149531e-01  5.40028186e-05  6.17819726e-01  5.40028186e-05  0.00000000e+00  5.40028186e-05  1.80181202e+00  5.40028186e-05  6.13360743e-01  5.40028186e-05  6.22276153e-01  5.40028186e-05  1.17956932e+00                                 
 5.40030511e-05  6.86847179e-01  5.40030511e-05  6.16345106e-01  5.40030511e-05  6.16595028e-01  5.40030511e-05  0.00000000e+00  5.40030511e-05  1.79887378e+00  5.40030511e-05  6.14777211e-01  5.40030511e-05  6.17457999e-01  5.40030511e-05  1.17838996e+00                                 
 5.40033940e-05  6.86849542e-01  5.40033940e-05  6.16501992e-01  5.40033940e-05  6.16442866e-01  5.40033940e-05  0.00000000e+00  5.40033940e-05  1.80089228e+00  5.40033940e-05  6.16258761e-01  5.40033940e-05  6.16767135e-01  5.40033940e-05  1.17616774e+00                                 
 5.40038903e-05  6.86847829e-01  5.40038903e-05  6.16479195e-01  5.40038903e-05  6.17672204e-01  5.40038903e-05  0.00000000e+00  5.40038903e-05  1.79929248e+00  5.40038903e-05  6.16163722e-01  5.40038903e-05  6.17166243e-01  5.40038903e-05  1.17270546e+00                                 
 5.40047122e-05  6.86849900e-01  5.40047122e-05  6.16474487e-01  5.40047122e-05  6.19856285e-01  5.40047122e-05  0.00000000e+00  5.40047122e-05  1.80065436e+00  5.40047122e-05  6.16660940e-01  5.40047122e-05  6.19831111e-01  5.40047122e-05  1.16647077e+00                                 
 5.40062174e-05  6.86848157e-01  5.40062174e-05  6.16374991e-01  5.40062174e-05  6.24505539e-01  5.40062174e-05  0.00000000e+00  5.40062174e-05  1.79941181e+00  5.40062174e-05  6.16340291e-01  5.40062174e-05  6.23942697e-01  5.40062174e-05  1.15453453e+00                                 
 5.40092278e-05  6.86850001e-01  5.40092278e-05  6.16287524e-01  5.40092278e-05  6.33442044e-01  5.40092278e-05  0.00000000e+00  5.40092278e-05  1.80059467e+00  5.40092278e-05  6.16587068e-01  5.40092278e-05  6.33370547e-01  5.40092278e-05  1.12953294e+00                                 
 5.40152486e-05  6.86848210e-01  5.40152486e-05  6.16169257e-01  5.40152486e-05  6.51274699e-01  5.40152486e-05  0.00000000e+00  5.40152486e-05  1.79943927e+00  5.40152486e-05  6.16029329e-01  5.40152486e-05  6.50655926e-01  5.40152486e-05  1.07846660e+00                                 
 5.40243594e-05  6.86850003e-01  5.40243594e-05  6.16200779e-01  5.40243594e-05  6.76973560e-01  5.40243594e-05  0.00000000e+00  5.40243594e-05  1.80057860e+00  5.40243594e-05  6.16129866e-01  5.40243594e-05  6.76864272e-01  5.40243594e-05  1.00025369e+00                                 
 5.40376099e-05  6.86848219e-01  5.40376099e-05  6.16177555e-01  5.40376099e-05  7.12719647e-01  5.40376099e-05  0.00000000e+00  5.40376099e-05  1.79944814e+00  5.40376099e-05  6.15615182e-01  5.40376099e-05  7.11977695e-01  5.40376099e-05  8.92927356e-01                                 
 5.40523608e-05  6.86850004e-01  5.40523608e-05  6.16208836e-01  5.40523608e-05  7.49593881e-01  5.40523608e-05  0.00000000e+00  5.40523608e-05  1.80056931e+00  5.40523608e-05  6.15874136e-01  5.40523608e-05  7.49496069e-01  5.40523608e-05  8.10310236e-01                                 
 5.40707105e-05  6.86848223e-01  5.40707105e-05  6.16181241e-01  5.40707105e-05  7.92130747e-01  5.40707105e-05  0.00000000e+00  5.40707105e-05  1.79945272e+00  5.40707105e-05  6.15504767e-01  5.40707105e-05  7.91263235e-01  5.40707105e-05  7.81983308e-01                                 
 5.40884515e-05  6.86850003e-01  5.40884515e-05  6.16210184e-01  5.40884515e-05  8.29322112e-01  5.40884515e-05  0.00000000e+00  5.40884515e-05  1.80056152e+00  5.40884515e-05  6.15834547e-01  5.40884515e-05  8.29335954e-01  5.40884515e-05  8.04730791e-01                                 
 5.41030691e-05  6.86848226e-01  5.41030691e-05  6.16181488e-01  5.41030691e-05  8.57713233e-01  5.41030691e-05  0.00000000e+00  5.41030691e-05  1.79945739e+00  5.41030691e-05  6.15493256e-01  5.41030691e-05  8.56639400e-01  5.41030691e-05  8.32032321e-01                                 
 5.41200969e-05  6.86850000e-01  5.41200969e-05  6.16210464e-01  5.41200969e-05  8.87767028e-01  5.41200969e-05  0.00000000e+00  5.41200969e-05  1.80055358e+00  5.41200969e-05  6.15835836e-01  5.41200969e-05  8.87834015e-01  5.41200969e-05  8.62487055e-01                                 
 5.41403510e-05  6.86848229e-01  5.41403510e-05  6.16181295e-01  5.41403510e-05  9.20383984e-01  5.41403510e-05  0.00000000e+00  5.41403510e-05  1.79946419e+00  5.41403510e-05  6.15490397e-01  5.41403510e-05  9.19019625e-01  5.41403510e-05  8.96605541e-01                                 
 5.41808593e-05  6.86849998e-01  5.41808593e-05  6.16210728e-01  5.41808593e-05  9.75142252e-01  5.41808593e-05  0.00000000e+00  5.41808593e-05  1.80054766e+00  5.41808593e-05  6.15841049e-01  5.41808593e-05  9.75425794e-01  5.41808593e-05  9.54957611e-01                                 
 5.42618758e-05  6.86848230e-01  5.42618758e-05  6.16181189e-01  5.42618758e-05  1.05379404e+00  5.42618758e-05  0.00000000e+00  5.42618758e-05  1.79946531e+00  5.42618758e-05  6.15492894e-01  5.42618758e-05  1.05270826e+00  5.42618758e-05  1.04279225e+00                                 
 5.44239088e-05  6.86849997e-01  5.44239088e-05  6.16210804e-01  5.44239088e-05  1.13338915e+00  5.44239088e-05  0.00000000e+00  5.44239088e-05  1.80054305e+00  5.44239088e-05  6.15847624e-01  5.44239088e-05  1.13411569e+00  5.44239088e-05  1.13505037e+00                                 
 5.46032593e-05  6.86848230e-01  5.46032593e-05  6.16181025e-01  5.46032593e-05  1.16188042e+00  5.46032593e-05  0.00000000e+00  5.46032593e-05  1.79945763e+00  5.46032593e-05  6.15495464e-01  5.46032593e-05  1.16106438e+00  5.46032593e-05  1.16815416e+00                                 
 5.48480891e-05  6.86849998e-01  5.48480891e-05  6.16210838e-01  5.48480891e-05  1.17124435e+00  5.48480891e-05  0.00000000e+00  5.48480891e-05  1.80054193e+00  5.48480891e-05  6.15849511e-01  5.48480891e-05  1.17199878e+00  5.48480891e-05  1.17935869e+00                                 
 5.51285921e-05  6.86848230e-01  5.51285921e-05  6.16181047e-01  5.51285921e-05  1.17275608e+00  5.51285921e-05  0.00000000e+00  5.51285921e-05  1.79946092e+00  5.51285921e-05  6.15496225e-01  5.51285921e-05  1.17210776e+00  5.51285921e-05  1.18110688e+00                                 
 5.56461045e-05  6.86849997e-01  5.56461045e-05  6.16210861e-01  5.56461045e-05  1.17267872e+00  5.56461045e-05  0.00000000e+00  5.56461045e-05  1.80054165e+00  5.56461045e-05  6.15849860e-01  5.56461045e-05  1.17342969e+00  5.56461045e-05  1.18103785e+00                                 
 5.65269526e-05  6.86848230e-01  5.65269526e-05  6.16181065e-01  5.65269526e-05  1.17283447e+00  5.65269526e-05  0.00000000e+00  5.65269526e-05  1.79946281e+00  5.65269526e-05  6.15496432e-01  5.65269526e-05  1.17212025e+00  5.65269526e-05  1.18117066e+00                                 
 5.77269526e-05  6.86849998e-01  5.77269526e-05  6.16210871e-01  5.77269526e-05  1.17266633e+00  5.77269526e-05  0.00000000e+00  5.77269526e-05  1.80054156e+00  5.77269526e-05  6.15849976e-01  5.77269526e-05  1.17341553e+00  5.77269526e-05  1.18101873e+00                                 
 5.89269526e-05  6.86848230e-01  5.89269526e-05  6.16181018e-01  5.89269526e-05  1.17282848e+00  5.89269526e-05  0.00000000e+00  5.89269526e-05  1.79946074e+00  5.89269526e-05  6.15495891e-01  5.89269526e-05  1.17209863e+00  5.89269526e-05  1.18114249e+00                                 
 6.00000000e-05  6.86849997e-01  6.00000000e-05  6.16210920e-01  6.00000000e-05  1.17267491e+00  6.00000000e-05  0.00000000e+00  6.00000000e-05  1.80054529e+00  6.00000000e-05  6.15850531e-01  6.00000000e-05  1.17343774e+00  6.00000000e-05  1.18104839e+00                                 
 6.00001000e-05  6.86874423e-01  6.00001000e-05  6.16366265e-01  6.00001000e-05  1.17406722e+00  6.00001000e-05  1.80000000e-01  6.00001000e-05  1.80027876e+00  6.00001000e-05  6.17130549e-01  6.00001000e-05  1.17444102e+00  6.00001000e-05  1.18108643e+00                                 
 6.00003000e-05  6.86856587e-01  6.00003000e-05  6.16386678e-01  6.00003000e-05  1.17377591e+00  6.00003000e-05  5.40000000e-01  6.00003000e-05  1.79987516e+00  6.00003000e-05  6.17429451e-01  6.00003000e-05  1.17445982e+00  6.00003000e-05  1.18109589e+00                                 
 6.00006252e-05  6.86790101e-01  6.00006252e-05  6.15792782e-01  6.00006252e-05  1.17112502e+00  6.00006252e-05  1.12542136e+00  6.00006252e-05  1.80228802e+00  6.00006252e-05  6.12548976e-01  6.00006252e-05  1.17243715e+00  6.00006252e-05  1.18110993e+00                                 
 6.00009554e-05  6.87149394e-01  6.00009554e-05  6.16310435e-01  6.00009554e-05  1.15991468e+00  6.00009554e-05  1.71976141e+00  6.00009554e-05  1.37441139e-01  6.00009554e-05  6.15821027e-01  6.00009554e-05  1.17278828e+00  6.00009554e-05  1.18114743e+00                                 
 6.00010000e-05  6.87424322e-01  6.00010000e-05  6.16601654e-01  6.00010000e-05  1.15581845e+00  6.00010000e-05  1.80000000e+00  6.00010000e-05 -1.99222588e-02  6.00010000e-05  6.18778286e-01  6.00010000e-05  1.17402169e+00  6.00010000e-05  1.18116821e+00                                 
 6.00010166e-05  6.87477389e-01  6.00010166e-05  6.16535583e-01  6.00010166e-05  1.15388360e+00  6.00010166e-05  1.80000000e+00  6.00010166e-05 -7.45614494e-03  6.00010166e-05  6.18329486e-01  6.00010166e-05  1.17391882e+00  6.00010166e-05  1.18115500e+00                                 
 6.00010499e-05  6.87554730e-01  6.00010499e-05  6.16398242e-01  6.00010499e-05  1.15102353e+00  6.00010499e-05  1.80000000e+00  6.00010499e-05  2.15912458e-03  6.00010499e-05  6.17115106e-01  6.00010499e-05  1.17314797e+00  6.00010499e-05  1.18112995e+00                                 
 6.00011163e-05  6.87640661e-01  6.00011163e-05  6.16254868e-01  6.00011163e-05  1.14926955e+00  6.00011163e-05  1.80000000e+00  6.00011163e-05 -6.55026365e-04  6.00011163e-05  6.15835281e-01  6.00011163e-05  1.17206414e+00  6.00011163e-05  1.18113627e+00                                 
 6.00012493e-05  6.87682494e-01  6.00012493e-05  6.16232726e-01  6.00012493e-05  1.14901970e+00  6.00012493e-05  1.80000000e+00  6.00012493e-05  6.96812541e-04  6.00012493e-05  6.15910587e-01  6.00012493e-05  1.17214197e+00  6.00012493e-05  1.18115454e+00                                 
 6.00014792e-05  6.87550677e-01  6.00014792e-05  6.16205754e-01  6.00014792e-05  1.14926350e+00  6.00014792e-05  1.80000000e+00  6.00014792e-05 -5.62351721e-04  6.00014792e-05  6.15751604e-01  6.00014792e-05  1.17198704e+00  6.00014792e-05  1.18115428e+00                                 
 6.00017583e-05  6.87330445e-01  6.00017583e-05  6.16200963e-01  6.00017583e-05  1.14993925e+00  6.00017583e-05  1.80000000e+00  6.00017583e-05  4.25047737e-04  6.00017583e-05  6.15810814e-01  6.00017583e-05  1.17205170e+00  6.00017583e-05  1.18116589e+00                                 
 6.00022028e-05  6.87047722e-01  6.00022028e-05  6.16194808e-01  6.00022028e-05  1.14967630e+00  6.00022028e-05  1.80000000e+00  6.00022028e-05 -4.46433607e-04  6.00022028e-05  6.15728460e-01  6.00022028e-05  1.17196883e+00  6.00022028e-05  1.18115620e+00                                 
 6.00029541e-05  6.86804400e-01  6.00029541e-05  6.16195963e-01  6.00029541e-05  1.14749632e+00  6.00029541e-05  1.80000000e+00  6.00029541e-05  3.74194980e-04  6.00029541e-05  6.15775708e-01  6.00029541e-05  1.17202190e+00  6.00029541e-05  1.18114826e+00                                 
 6.00044565e-05  6.86674585e-01  6.00044565e-05  6.16190995e-01  6.00044565e-05  1.13923776e+00  6.00044565e-05  1.80000000e+00  6.00044565e-05 -3.95375537e-04  6.00044565e-05  6.15678810e-01  6.00044565e-05  1.17192826e+00  6.00044565e-05  1.18109593e+00                                 
 6.00073428e-05  6.86729571e-01  6.00073428e-05  6.16193872e-01  6.00073428e-05  1.11931317e+00  6.00073428e-05  1.80000000e+00  6.00073428e-05  3.74142872e-04  6.00073428e-05  6.15707167e-01  6.00073428e-05  1.17196203e+00  6.00073428e-05  1.18100504e+00                                 
 6.00115377e-05  6.86806724e-01  6.00115377e-05  6.16193293e-01  6.00115377e-05  1.08621360e+00  6.00115377e-05  1.80000000e+00  6.00115377e-05 -3.77552127e-04  6.00115377e-05  6.15629571e-01  6.00115377e-05  1.17187970e+00  6.00115377e-05  1.18086849e+00                                 
 6.00163241e-05  6.86848939e-01  6.00163241e-05  6.16197011e-01  6.00163241e-05  1.04545163e+00  6.00163241e-05  1.80000000e+00  6.00163241e-05  3.70794849e-04  6.00163241e-05  6.15689334e-01  6.00163241e-05  1.17193708e+00  6.00163241e-05  1.18075070e+00                                 
 6.00214592e-05  6.86854740e-01  6.00214592e-05  6.16194655e-01  6.00214592e-05  1.00065618e+00  6.00214592e-05  1.80000000e+00  6.00214592e-05 -3.69431610e-04  6.00214592e-05  6.15628568e-01  6.00214592e-05  1.17187030e+00  6.00214592e-05  1.18063540e+00                                 
 6.00281897e-05  6.86858672e-01  6.00281897e-05  6.16197345e-01  6.00281897e-05  9.41967901e-01  6.00281897e-05  1.80000000e+00  6.00281897e-05  3.66489936e-04  6.00281897e-05  6.15691397e-01  6.00281897e-05  1.17193123e+00  6.00281897e-05  1.18053147e+00                                 
 6.00377544e-05  6.86853581e-01  6.00377544e-05  6.16194612e-01  6.00377544e-05  8.59159986e-01  6.00377544e-05  1.80000000e+00  6.00377544e-05 -3.64292502e-04  6.00377544e-05  6.15630664e-01  6.00377544e-05  1.17186507e+00  6.00377544e-05  1.18041371e+00                                 
 6.00509807e-05  6.86855653e-01  6.00509807e-05  6.16197226e-01  6.00509807e-05  7.49868966e-01  6.00509807e-05  1.80000000e+00  6.00509807e-05  3.66441780e-04  6.00509807e-05  6.15690990e-01  6.00509807e-05  1.17192476e+00  6.00509807e-05  1.18032548e+00                                 
 6.00650609e-05  6.86849661e-01  6.00650609e-05  6.16195343e-01  6.00650609e-05  6.65621776e-01  6.00650609e-05  1.80000000e+00  6.00650609e-05 -3.55924913e-04  6.00650609e-05  6.15648054e-01  6.00650609e-05  1.17187579e+00  6.00650609e-05  1.18026676e+00                                 
 6.00828551e-05  6.86850586e-01  6.00828551e-05  6.16196781e-01  6.00828551e-05  6.26250102e-01  6.00828551e-05  1.80000000e+00  6.00828551e-05  3.71573755e-04  6.00828551e-05  6.15707559e-01  6.00828551e-05  1.17193665e+00  6.00828551e-05  1.18024500e+00                                 
 6.00980806e-05  6.86844067e-01  6.00980806e-05  6.16194880e-01  6.00980806e-05  6.19187921e-01  6.00980806e-05  1.80000000e+00  6.00980806e-05 -3.51678089e-04  6.00980806e-05  6.15647190e-01  6.00980806e-05  1.17187383e+00  6.00980806e-05  1.18022727e+00                                 
 6.01155472e-05  6.86852336e-01  6.01155472e-05  6.16196871e-01  6.01155472e-05  6.15946894e-01  6.01155472e-05  1.80000000e+00  6.01155472e-05  3.70270401e-04  6.01155472e-05  6.15702002e-01  6.01155472e-05  1.17193097e+00  6.01155472e-05  1.18022615e+00                                 
 6.01325747e-05  6.86845935e-01  6.01325747e-05  6.16194955e-01  6.01325747e-05  6.15532844e-01  6.01325747e-05  1.80000000e+00  6.01325747e-05 -3.49736215e-04  6.01325747e-05  6.15645020e-01  6.01325747e-05  1.17187114e+00  6.01325747e-05  1.18021548e+00                                 
 6.01666295e-05  6.86851901e-01  6.01666295e-05  6.16196881e-01  6.01666295e-05  6.15006209e-01  6.01666295e-05  1.80000000e+00  6.01666295e-05  3.68988788e-04  6.01666295e-05  6.15700797e-01  6.01666295e-05  1.17192885e+00  6.01666295e-05  1.18021823e+00                                 
 6.02138739e-05  6.86846513e-01  6.02138739e-05  6.16194972e-01  6.02138739e-05  6.15212405e-01  6.02138739e-05  1.80000000e+00  6.02138739e-05 -3.48957056e-04  6.02138739e-05  6.15644632e-01  6.02138739e-05  1.17186927e+00  6.02138739e-05  1.18021009e+00                                 
 6.03083628e-05  6.86851627e-01  6.03083628e-05  6.16196879e-01  6.03083628e-05  6.15040167e-01  6.03083628e-05  1.80000000e+00  6.03083628e-05  3.68508820e-04  6.03083628e-05  6.15700790e-01  6.03083628e-05  1.17192628e+00  6.03083628e-05  1.18021495e+00                                 
 6.04973404e-05  6.86846642e-01  6.04973404e-05  6.16194973e-01  6.04973404e-05  6.15202585e-01  6.04973404e-05  1.80000000e+00  6.04973404e-05 -3.48717776e-04  6.04973404e-05  6.15644634e-01  6.04973404e-05  1.17186419e+00  6.04973404e-05  1.18020502e+00                                 
 6.08752958e-05  6.86851564e-01  6.08752958e-05  6.16196878e-01  6.08752958e-05  6.15045461e-01  6.08752958e-05  1.80000000e+00  6.08752958e-05  3.68389212e-04  6.08752958e-05  6.15700790e-01  6.08752958e-05  1.17191611e+00  6.08752958e-05  1.18020478e+00                                 
 6.16312064e-05  6.86846673e-01  6.16312064e-05  6.16194973e-01  6.16312064e-05  6.15200437e-01  6.16312064e-05  1.80000000e+00  6.16312064e-05 -3.48658029e-04  6.16312064e-05  6.15644634e-01  6.16312064e-05  1.17184385e+00  6.16312064e-05  1.18018468e+00                                 
 6.28312064e-05  6.86851547e-01  6.28312064e-05  6.16196878e-01  6.28312064e-05  6.15046568e-01  6.28312064e-05  1.80000000e+00  6.28312064e-05  3.68356740e-04  6.28312064e-05  6.15700789e-01  6.28312064e-05  1.17188102e+00  6.28312064e-05  1.18016968e+00                                 
 6.40312064e-05  6.86846687e-01  6.40312064e-05  6.16194973e-01  6.40312064e-05  6.15199128e-01  6.40312064e-05  1.80000000e+00  6.40312064e-05 -3.48632948e-04  6.40312064e-05  6.15644634e-01  6.40312064e-05  1.17180078e+00  6.40312064e-05  1.18014159e+00                                 
 6.52312064e-05  6.86851534e-01  6.52312064e-05  6.16196878e-01  6.52312064e-05  6.15047367e-01  6.52312064e-05  1.80000000e+00  6.52312064e-05  3.68331648e-04  6.52312064e-05  6.15700789e-01  6.52312064e-05  1.17183795e+00  6.52312064e-05  1.18012659e+00                                 
 6.60010000e-05  6.86846703e-01  6.60010000e-05  6.16194974e-01  6.60010000e-05  6.15325181e-01  6.60010000e-05  1.80000000e+00  6.60010000e-05 -3.49649425e-04  6.60010000e-05  6.15644642e-01  6.60010000e-05  1.17176541e+00  6.60010000e-05  1.18010618e+00                                 
 6.60011000e-05  6.86797631e-01  6.60011000e-05  6.15958652e-01  6.60011000e-05  6.13638993e-01  6.60011000e-05  1.62000000e+00  6.60011000e-05 -1.28260029e-04  6.60011000e-05  6.14162710e-01  6.60011000e-05  1.17051410e+00  6.60011000e-05  1.18009958e+00                                 
 6.60013000e-05  6.86831969e-01  6.60013000e-05  6.15951019e-01  6.60013000e-05  6.13574747e-01  6.60013000e-05  1.26000000e+00  6.60013000e-05  3.22521260e-05  6.60013000e-05  6.13819835e-01  6.60013000e-05  1.17022855e+00  6.60013000e-05  1.18011381e+00                                 
 6.60016472e-05  6.86900931e-01  6.60016472e-05  6.16151714e-01  6.60016472e-05  6.15597318e-01  6.60016472e-05  6.34988557e-01  6.60016472e-05  1.26507916e-02  6.60016472e-05  6.14063670e-01  6.60016472e-05  1.16697996e+00  6.60016472e-05  1.18009073e+00                                 
 6.60020000e-05  6.86831219e-01  6.60020000e-05  6.15639018e-01  6.60020000e-05  6.36922461e-01  6.60020000e-05  0.00000000e+00  6.60020000e-05  1.61266001e+00  6.60020000e-05  6.09302553e-01  6.60020000e-05  1.03463767e+00  6.60020000e-05  1.17965615e+00                                 
 6.60020468e-05  6.86848034e-01  6.60020468e-05  6.14993401e-01  6.60020468e-05  6.45634284e-01  6.60020468e-05  0.00000000e+00  6.60020468e-05  1.73278348e+00  6.60020468e-05  6.01937720e-01  6.60020468e-05  9.74812318e-01  6.60020468e-05  1.17945531e+00                                 
 6.60021403e-05  6.86850951e-01  6.60021403e-05  6.14055583e-01  6.60021403e-05  6.51629075e-01  6.60021403e-05  0.00000000e+00  6.60021403e-05  1.81524455e+00  6.60021403e-05  5.91331316e-01  6.60021403e-05  8.55186078e-01  6.60021403e-05  1.17963715e+00                                 
 6.60023052e-05  6.86846806e-01  6.60023052e-05  6.14291776e-01  6.60023052e-05  6.38408908e-01  6.60023052e-05  0.00000000e+00  6.60023052e-05  1.78834939e+00  6.60023052e-05  5.94447970e-01  6.60023052e-05  7.12107496e-01  6.60023052e-05  1.18039068e+00                                 
 6.60024769e-05  6.86849336e-01  6.60024769e-05  6.15181374e-01  6.60024769e-05  6.26915510e-01  6.60024769e-05  0.00000000e+00  6.60024769e-05  1.80552829e+00  6.60024769e-05  6.04280430e-01  6.60024769e-05  6.53367563e-01  6.60024769e-05  1.18047360e+00                                 
 6.60026270e-05  6.86846571e-01  6.60026270e-05  6.15662576e-01  6.60026270e-05  6.21276815e-01  6.60026270e-05  0.00000000e+00  6.60026270e-05  1.79709105e+00  6.60026270e-05  6.08778167e-01  6.60026270e-05  6.31921105e-01  6.60026270e-05  1.18034795e+00                                 
 6.60028186e-05  6.86849221e-01  6.60028186e-05  6.16149531e-01  6.60028186e-05  6.17819725e-01  6.60028186e-05  0.00000000e+00  6.60028186e-05  1.80181202e+00  6.60028186e-05  6.13360743e-01  6.60028186e-05  6.22276154e-01  6.60028186e-05  1.17956948e+00                                 
 6.60030511e-05  6.86847179e-01  6.60030511e-05  6.16345106e-01  6.60030511e-05  6.16595027e-01  6.60030511e-05  0.00000000e+00  6.60030511e-05  1.79887378e+00  6.60030511e-05  6.14777210e-01  6.60030511e-05  6.17457998e-01  6.60030511e-05  1.17839012e+00                                 
 6.60033940e-05  6.86849542e-01  6.60033940e-05  6.16501992e-01  6.60033940e-05  6.16442865e-01  6.60033940e-05  0.00000000e+00  6.60033940e-05  1.80089228e+00  6.60033940e-05  6.16258761e-01  6.60033940e-05  6.16767134e-01  6.60033940e-05  1.17616789e+00                                 
 6.60038903e-05  6.86847829e-01  6.60038903e-05  6.16479194e-01  6.60038903e-05  6.17672203e-01  6.60038903e-05  0.00000000e+00  6.60038903e-05  1.79929248e+00  6.60038903e-05  6.16163722e-01  6.60038903e-05  6.17166241e-01  6.60038903e-05  1.17270562e+00                                 
 6.60047122e-05  6.86849899e-01  6.60047122e-05  6.16474487e-01  6.60047122e-05  6.19856283e-01  6.60047122e-05  0.00000000e+00  6.60047122e-05  1.80065436e+00  6.60047122e-05  6.16660940e-01  6.60047122e-05  6.19831109e-01  6.60047122e-05  1.16647092e+00                                 
 6.60062174e-05  6.86848156e-01  6.60062174e-05  6.16374990e-01  6.60062174e-05  6.24505536e-01  6.60062174e-05  0.00000000e+00  6.60062174e-05  1.79941181e+00  6.60062174e-05  6.16340291e-01  6.60062174e-05  6.23942694e-01  6.60062174e-05  1.15453470e+00                                 
 6.60092278e-05  6.86850001e-01  6.60092278e-05  6.16287523e-01  6.60092278e-05  6.33442039e-01  6.60092278e-05  0.00000000e+00  6.60092278e-05  1.80059467e+00  6.60092278e-05  6.16587068e-01  6.60092278e-05  6.33370542e-01  6.60092278e-05  1.12953310e+00                                 
 6.60152486e-05  6.86848210e-01  6.60152486e-05  6.16169257e-01  6.60152486e-05  6.51274691e-01  6.60152486e-05  0.00000000e+00  6.60152486e-05  1.79943927e+00  6.60152486e-05  6.16029329e-01  6.60152486e-05  6.50655918e-01  6.60152486e-05  1.07846678e+00                                 
 6.60243594e-05  6.86850003e-01  6.60243594e-05  6.16200779e-01  6.60243594e-05  6.76973547e-01  6.60243594e-05  0.00000000e+00  6.60243594e-05  1.80057860e+00  6.60243594e-05  6.16129866e-01  6.60243594e-05  6.76864259e-01  6.60243594e-05  1.00025388e+00                                 
 6.60376099e-05  6.86848220e-01  6.60376099e-05  6.16177556e-01  6.60376099e-05  7.12719638e-01  6.60376099e-05  0.00000000e+00  6.60376099e-05  1.79944814e+00  6.60376099e-05  6.15615182e-01  6.60376099e-05  7.11977686e-01  6.60376099e-05  8.92927526e-01                                 
 6.60523608e-05  6.86850005e-01  6.60523608e-05  6.16208837e-01  6.60523608e-05  7.49593875e-01  6.60523608e-05  0.00000000e+00  6.60523608e-05  1.80056931e+00  6.60523608e-05  6.15874137e-01  6.60523608e-05  7.49496063e-01  6.60523608e-05  8.10310347e-01                                 
 6.60707106e-05  6.86848223e-01  6.60707106e-05  6.16181241e-01  6.60707106e-05  7.92130762e-01  6.60707106e-05  0.00000000e+00  6.60707106e-05  1.79945272e+00  6.60707106e-05  6.15504767e-01  6.60707106e-05  7.91263250e-01  6.60707106e-05  7.81983339e-01                                 
 6.60884515e-05  6.86850003e-01  6.60884515e-05  6.16210184e-01  6.60884515e-05  8.29322181e-01  6.60884515e-05  0.00000000e+00  6.60884515e-05  1.80056152e+00  6.60884515e-05  6.15834547e-01  6.60884515e-05  8.29336023e-01  6.60884515e-05  8.04730851e-01                                 
 6.61030691e-05  6.86848226e-01  6.61030691e-05  6.16181488e-01  6.61030691e-05  8.57713292e-01  6.61030691e-05  0.00000000e+00  6.61030691e-05  1.79945739e+00  6.61030691e-05  6.15493256e-01  6.61030691e-05  8.56639459e-01  6.61030691e-05  8.32032380e-01                                 
 6.61200969e-05  6.86850000e-01  6.61200969e-05  6.16210464e-01  6.61200969e-05  8.87767080e-01  6.61200969e-05  0.00000000e+00  6.61200969e-05  1.80055358e+00  6.61200969e-05  6.15835836e-01  6.61200969e-05  8.87834067e-01  6.61200969e-05  8.62487107e-01                                 
 6.61403510e-05  6.86848228e-01  6.61403510e-05  6.16181295e-01  6.61403510e-05  9.20383998e-01  6.61403510e-05  0.00000000e+00  6.61403510e-05  1.79946419e+00  6.61403510e-05  6.15490397e-01  6.61403510e-05  9.19019638e-01  6.61403510e-05  8.96605554e-01                                 
 6.61808592e-05  6.86849998e-01  6.61808592e-05  6.16210728e-01  6.61808592e-05  9.75142210e-01  6.61808592e-05  0.00000000e+00  6.61808592e-05  1.80054766e+00  6.61808592e-05  6.15841048e-01  6.61808592e-05  9.75425752e-01  6.61808592e-05  9.54957564e-01                                 
 6.62618756e-05  6.86848229e-01  6.62618756e-05  6.16181190e-01  6.62618756e-05  1.05379395e+00  6.62618756e-05  0.00000000e+00  6.62618756e-05  1.79946531e+00  6.62618756e-05  6.15492895e-01  6.62618756e-05  1.05270816e+00  6.62618756e-05  1.04279214e+00                                 
 6.64239085e-05  6.86849998e-01  6.64239085e-05  6.16210804e-01  6.64239085e-05  1.13338906e+00  6.64239085e-05  0.00000000e+00  6.64239085e-05  1.80054305e+00  6.64239085e-05  6.15847625e-01  6.64239085e-05  1.13411561e+00  6.64239085e-05  1.13505027e+00                                 
 6.66032590e-05  6.86848230e-01  6.66032590e-05  6.16181025e-01  6.66032590e-05  1.16188041e+00  6.66032590e-05  0.00000000e+00  6.66032590e-05  1.79945763e+00  6.66032590e-05  6.15495464e-01  6.66032590e-05  1.16106438e+00  6.66032590e-05  1.16815415e+00                                 
 6.68480887e-05  6.86849998e-01  6.68480887e-05  6.16210837e-01  6.68480887e-05  1.17124437e+00  6.68480887e-05  0.00000000e+00  6.68480887e-05  1.80054193e+00  6.68480887e-05  6.15849511e-01  6.68480887e-05  1.17199880e+00  6.68480887e-05  1.17935871e+00                                 
 6.71285916e-05  6.86848230e-01  6.71285916e-05  6.16181047e-01  6.71285916e-05  1.17275610e+00  6.71285916e-05  0.00000000e+00  6.71285916e-05  1.79946092e+00  6.71285916e-05  6.15496225e-01  6.71285916e-05  1.17210778e+00  6.71285916e-05  1.18110691e+00                                 
 6.76461033e-05  6.86849997e-01  6.76461033e-05  6.16210861e-01  6.76461033e-05  1.17267873e+00  6.76461033e-05  0.00000000e+00  6.76461033e-05  1.80054165e+00  6.76461033e-05  6.15849860e-01  6.76461033e-05  1.17342971e+00  6.76461033e-05  1.18103787e+00                                 
 6.85269506e-05  6.86848230e-01  6.85269506e-05  6.16181065e-01  6.85269506e-05  1.17283448e+00  6.85269506e-05  0.00000000e+00  6.85269506e-05  1.79946281e+00  6.85269506e-05  6.15496431e-01  6.85269506e-05  1.17212026e+00  6.85269506e-05  1.18117067e+00                                 
 6.97269506e-05  6.86849997e-01  6.97269506e-05  6.16210871e-01  6.97269506e-05  1.17266633e+00  6.97269506e-05  0.00000000e+00  6.97269506e-05  1.80054156e+00  6.97269506e-05  6.15849976e-01  6.97269506e-05  1.17341553e+00  6.97269506e-05  1.18101874e+00                                 
 7.09269506e-05  6.86848230e-01  7.09269506e-05  6.16181018e-01  7.09269506e-05  1.17282851e+00  7.09269506e-05  0.00000000e+00  7.09269506e-05  1.79946074e+00  7.09269506e-05  6.15495891e-01  7.09269506e-05  1.17209866e+00  7.09269506e-05  1.18114252e+00                                 
 7.20000000e-05  6.86849997e-01  7.20000000e-05  6.16210920e-01  7.20000000e-05  1.17267498e+00  7.20000000e-05  0.00000000e+00  7.20000000e-05  1.80054529e+00  7.20000000e-05  6.15850532e-01  7.20000000e-05  1.17343781e+00  7.20000000e-05  1.18104845e+00                                 
 7.20001000e-05  6.86874423e-01  7.20001000e-05  6.16366265e-01  7.20001000e-05  1.17406729e+00  7.20001000e-05  1.80000000e-01  7.20001000e-05  1.80027876e+00  7.20001000e-05  6.17130550e-01  7.20001000e-05  1.17444109e+00  7.20001000e-05  1.18108650e+00                                 
 7.20003000e-05  6.86856587e-01  7.20003000e-05  6.16386678e-01  7.20003000e-05  1.17377598e+00  7.20003000e-05  5.40000000e-01  7.20003000e-05  1.79987516e+00  7.20003000e-05  6.17429452e-01  7.20003000e-05  1.17445989e+00  7.20003000e-05  1.18109596e+00                                 
 7.20006252e-05  6.86790101e-01  7.20006252e-05  6.15792782e-01  7.20006252e-05  1.17112509e+00  7.20006252e-05  1.12542136e+00  7.20006252e-05  1.80228802e+00  7.20006252e-05  6.12548976e-01  7.20006252e-05  1.17243722e+00  7.20006252e-05  1.18111000e+00                                 
 7.20009554e-05  6.87149394e-01  7.20009554e-05  6.16310435e-01  7.20009554e-05  1.15991475e+00  7.20009554e-05  1.71976141e+00  7.20009554e-05  1.37441142e-01  7.20009554e-05  6.15821027e-01  7.20009554e-05  1.17278835e+00  7.20009554e-05  1.18114750e+00                                 
 7.20010000e-05  6.87424323e-01  7.20010000e-05  6.16601655e-01  7.20010000e-05  1.15581851e+00  7.20010000e-05  1.80000000e+00  7.20010000e-05 -1.99222603e-02  7.20010000e-05  6.18778286e-01  7.20010000e-05  1.17402176e+00  7.20010000e-05  1.18116828e+00                                 
 7.20010166e-05  6.87477389e-01  7.20010166e-05  6.16535583e-01  7.20010166e-05  1.15388367e+00  7.20010166e-05  1.80000000e+00  7.20010166e-05 -7.45614535e-03  7.20010166e-05  6.18329487e-01  7.20010166e-05  1.17391889e+00  7.20010166e-05  1.18115507e+00                                 
 7.20010499e-05  6.87554730e-01  7.20010499e-05  6.16398242e-01  7.20010499e-05  1.15102360e+00  7.20010499e-05  1.80000000e+00  7.20010499e-05  2.15912480e-03  7.20010499e-05  6.17115107e-01  7.20010499e-05  1.17314804e+00  7.20010499e-05  1.18113002e+00                                 
 7.20011163e-05  6.87640661e-01  7.20011163e-05  6.16254868e-01  7.20011163e-05  1.14926962e+00  7.20011163e-05  1.80000000e+00  7.20011163e-05 -6.55026485e-04  7.20011163e-05  6.15835282e-01  7.20011163e-05  1.17206421e+00  7.20011163e-05  1.18113633e+00                                 
 7.20012493e-05  6.87682494e-01  7.20012493e-05  6.16232726e-01  7.20012493e-05  1.14901977e+00  7.20012493e-05  1.80000000e+00  7.20012493e-05  6.96812648e-04  7.20012493e-05  6.15910588e-01  7.20012493e-05  1.17214204e+00  7.20012493e-05  1.18115461e+00                                 
 7.20014792e-05  6.87550677e-01  7.20014792e-05  6.16205754e-01  7.20014792e-05  1.14926357e+00  7.20014792e-05  1.80000000e+00  7.20014792e-05 -5.62351821e-04  7.20014792e-05  6.15751604e-01  7.20014792e-05  1.17198711e+00  7.20014792e-05  1.18115435e+00                                 
 7.20017583e-05  6.87330445e-01  7.20017583e-05  6.16200963e-01  7.20017583e-05  1.14993932e+00  7.20017583e-05  1.80000000e+00  7.20017583e-05  4.25047818e-04  7.20017583e-05  6.15810814e-01  7.20017583e-05  1.17205177e+00  7.20017583e-05  1.18116596e+00                                 
 7.20022028e-05  6.87047722e-01  7.20022028e-05  6.16194808e-01  7.20022028e-05  1.14967637e+00  7.20022028e-05  1.80000000e+00  7.20022028e-05 -4.46433692e-04  7.20022028e-05  6.15728460e-01  7.20022028e-05  1.17196890e+00  7.20022028e-05  1.18115627e+00                                 
 7.20029541e-05  6.86804400e-01  7.20029541e-05  6.16195963e-01  7.20029541e-05  1.14749639e+00  7.20029541e-05  1.80000000e+00  7.20029541e-05  3.74195057e-04  7.20029541e-05  6.15775709e-01  7.20029541e-05  1.17202197e+00  7.20029541e-05  1.18114833e+00                                 
 7.20044565e-05  6.86674585e-01  7.20044565e-05  6.16190995e-01  7.20044565e-05  1.13923782e+00  7.20044565e-05  1.80000000e+00  7.20044565e-05 -3.95375615e-04  7.20044565e-05  6.15678810e-01  7.20044565e-05  1.17192833e+00  7.20044565e-05  1.18109600e+00                                 
 7.20073428e-05  6.86729571e-01  7.20073428e-05  6.16193871e-01  7.20073428e-05  1.11931324e+00  7.20073428e-05  1.80000000e+00  7.20073428e-05  3.74142946e-04  7.20073428e-05  6.15707167e-01  7.20073428e-05  1.17196210e+00  7.20073428e-05  1.18100511e+00                                 
 7.20115377e-05  6.86806724e-01  7.20115377e-05  6.16193293e-01  7.20115377e-05  1.08621366e+00  7.20115377e-05  1.80000000e+00  7.20115377e-05 -3.77552202e-04  7.20115377e-05  6.15629571e-01  7.20115377e-05  1.17187977e+00  7.20115377e-05  1.18086856e+00                                 
 7.20163241e-05  6.86848939e-01  7.20163241e-05  6.16197011e-01  7.20163241e-05  1.04545169e+00  7.20163241e-05  1.80000000e+00  7.20163241e-05  3.70794923e-04  7.20163241e-05  6.15689334e-01  7.20163241e-05  1.17193715e+00  7.20163241e-05  1.18075077e+00                                 
 7.20214592e-05  6.86854740e-01  7.20214592e-05  6.16194655e-01  7.20214592e-05  1.00065625e+00  7.20214592e-05  1.80000000e+00  7.20214592e-05 -3.69431684e-04  7.20214592e-05  6.15628568e-01  7.20214592e-05  1.17187037e+00  7.20214592e-05  1.18063547e+00                                 
 7.20281897e-05  6.86858672e-01  7.20281897e-05  6.16197345e-01  7.20281897e-05  9.41967975e-01  7.20281897e-05  1.80000000e+00  7.20281897e-05  3.66490008e-04  7.20281897e-05  6.15691397e-01  7.20281897e-05  1.17193130e+00  7.20281897e-05  1.18053154e+00                                 
 7.20377544e-05  6.86853581e-01  7.20377544e-05  6.16194612e-01  7.20377544e-05  8.59160057e-01  7.20377544e-05  1.80000000e+00  7.20377544e-05 -3.64292575e-04  7.20377544e-05  6.15630664e-01  7.20377544e-05  1.17186514e+00  7.20377544e-05  1.18041378e+00                                 
 7.20509807e-05  6.86855653e-01  7.20509807e-05  6.16197226e-01  7.20509807e-05  7.49868996e-01  7.20509807e-05  1.80000000e+00  7.20509807e-05  3.66441852e-04  7.20509807e-05  6.15690990e-01  7.20509807e-05  1.17192483e+00  7.20509807e-05  1.18032555e+00                                 
 7.20650609e-05  6.86849661e-01  7.20650609e-05  6.16195343e-01  7.20650609e-05  6.65621800e-01  7.20650609e-05  1.80000000e+00  7.20650609e-05 -3.55924987e-04  7.20650609e-05  6.15648054e-01  7.20650609e-05  1.17187586e+00  7.20650609e-05  1.18026683e+00                                 
 7.20828551e-05  6.86850586e-01  7.20828551e-05  6.16196781e-01  7.20828551e-05  6.26250106e-01  7.20828551e-05  1.80000000e+00  7.20828551e-05  3.71573827e-04  7.20828551e-05  6.15707559e-01  7.20828551e-05  1.17193672e+00  7.20828551e-05  1.18024507e+00                                 
 7.20980806e-05  6.86844067e-01  7.20980806e-05  6.16194880e-01  7.20980806e-05  6.19187922e-01  7.20980806e-05  1.80000000e+00  7.20980806e-05 -3.51678162e-04  7.20980806e-05  6.15647190e-01  7.20980806e-05  1.17187389e+00  7.20980806e-05  1.18022733e+00                                 
 7.21155472e-05  6.86852336e-01  7.21155472e-05  6.16196871e-01  7.21155472e-05  6.15946894e-01  7.21155472e-05  1.80000000e+00  7.21155472e-05  3.70270473e-04  7.21155472e-05  6.15702002e-01  7.21155472e-05  1.17193104e+00  7.21155472e-05  1.18022622e+00                                 
 7.21325747e-05  6.86845935e-01  7.21325747e-05  6.16194955e-01  7.21325747e-05  6.15532844e-01  7.21325747e-05  1.80000000e+00  7.21325747e-05 -3.49736287e-04  7.21325747e-05  6.15645020e-01  7.21325747e-05  1.17187120e+00  7.21325747e-05  1.18021555e+00                                 
 7.21666295e-05  6.86851901e-01  7.21666295e-05  6.16196881e-01  7.21666295e-05  6.15006209e-01  7.21666295e-05  1.80000000e+00  7.21666295e-05  3.68988860e-04  7.21666295e-05  6.15700797e-01  7.21666295e-05  1.17192891e+00  7.21666295e-05  1.18021830e+00                                 
 7.22138739e-05  6.86846513e-01  7.22138739e-05  6.16194972e-01  7.22138739e-05  6.15212406e-01  7.22138739e-05  1.80000000e+00  7.22138739e-05 -3.48957128e-04  7.22138739e-05  6.15644633e-01  7.22138739e-05  1.17186933e+00  7.22138739e-05  1.18021015e+00                                 
 7.23083628e-05  6.86851627e-01  7.23083628e-05  6.16196878e-01  7.23083628e-05  6.15040166e-01  7.23083628e-05  1.80000000e+00  7.23083628e-05  3.68508891e-04  7.23083628e-05  6.15700790e-01  7.23083628e-05  1.17192633e+00  7.23083628e-05  1.18021501e+00                                 
 7.24973404e-05  6.86846642e-01  7.24973404e-05  6.16194973e-01  7.24973404e-05  6.15202585e-01  7.24973404e-05  1.80000000e+00  7.24973404e-05 -3.48717848e-04  7.24973404e-05  6.15644634e-01  7.24973404e-05  1.17186424e+00  7.24973404e-05  1.18020507e+00                                 
 7.28752957e-05  6.86851564e-01  7.28752957e-05  6.16196878e-01  7.28752957e-05  6.15045461e-01  7.28752957e-05  1.80000000e+00  7.28752957e-05  3.68389284e-04  7.28752957e-05  6.15700790e-01  7.28752957e-05  1.17191615e+00  7.28752957e-05  1.18020483e+00                                 
 7.36312063e-05  6.86846673e-01  7.36312063e-05  6.16194973e-01  7.36312063e-05  6.15200437e-01  7.36312063e-05  1.80000000e+00  7.36312063e-05 -3.48658101e-04  7.36312063e-05  6.15644634e-01  7.36312063e-05  1.17184384e+00  7.36312063e-05  1.18018467e+00                                 
 7.48312063e-05  6.86851547e-01  7.48312063e-05  6.16196878e-01  7.48312063e-05  6.15046568e-01  7.48312063e-05  1.80000000e+00  7.48312063e-05  3.68356812e-04  7.48312063e-05  6.15700789e-01  7.48312063e-05  1.17188098e+00  7.48312063e-05  1.18016964e+00                                 
 7.60312063e-05  6.86846686e-01  7.60312063e-05  6.16194973e-01  7.60312063e-05  6.15199128e-01  7.60312063e-05  1.80000000e+00  7.60312063e-05 -3.48633020e-04  7.60312063e-05  6.15644633e-01  7.60312063e-05  1.17180079e+00  7.60312063e-05  1.18014160e+00                                 
 7.72312063e-05  6.86851534e-01  7.72312063e-05  6.16196878e-01  7.72312063e-05  6.15047368e-01  7.72312063e-05  1.80000000e+00  7.72312063e-05  3.68331719e-04  7.72312063e-05  6.15700789e-01  7.72312063e-05  1.17183795e+00  7.72312063e-05  1.18012659e+00                                 
 7.80010000e-05  6.86846703e-01  7.80010000e-05  6.16194974e-01  7.80010000e-05  6.15325180e-01  7.80010000e-05  1.80000000e+00  7.80010000e-05 -3.49649498e-04  7.80010000e-05  6.15644642e-01  7.80010000e-05  1.17176542e+00  7.80010000e-05  1.18010619e+00                                 
 7.80011000e-05  6.86797632e-01  7.80011000e-05  6.15958652e-01  7.80011000e-05  6.13638992e-01  7.80011000e-05  1.62000000e+00  7.80011000e-05 -1.28260036e-04  7.80011000e-05  6.14162710e-01  7.80011000e-05  1.17051411e+00  7.80011000e-05  1.18009959e+00                                 
 7.80013000e-05  6.86831969e-01  7.80013000e-05  6.15951019e-01  7.80013000e-05  6.13574746e-01  7.80013000e-05  1.26000000e+00  7.80013000e-05  3.22521308e-05  7.80013000e-05  6.13819835e-01  7.80013000e-05  1.17022856e+00  7.80013000e-05  1.18011382e+00                                 
 7.80016472e-05  6.86900931e-01  7.80016472e-05  6.16151714e-01  7.80016472e-05  6.15597317e-01  7.80016472e-05  6.34988557e-01  7.80016472e-05  1.26507914e-02  7.80016472e-05  6.14063670e-01  7.80016472e-05  1.16697997e+00  7.80016472e-05  1.18009074e+00                                 
 7.80020000e-05  6.86831219e-01  7.80020000e-05  6.15639018e-01  7.80020000e-05  6.36922461e-01  7.80020000e-05  0.00000000e+00  7.80020000e-05  1.61266001e+00  7.80020000e-05  6.09302553e-01  7.80020000e-05  1.03463768e+00  7.80020000e-05  1.17965616e+00                                 
 7.80020468e-05  6.86848034e-01  7.80020468e-05  6.14993401e-01  7.80020468e-05  6.45634284e-01  7.80020468e-05  0.00000000e+00  7.80020468e-05  1.73278348e+00  7.80020468e-05  6.01937719e-01  7.80020468e-05  9.74812323e-01  7.80020468e-05  1.17945532e+00                                 
 7.80021403e-05  6.86850951e-01  7.80021403e-05  6.14055583e-01  7.80021403e-05  6.51629074e-01  7.80021403e-05  0.00000000e+00  7.80021403e-05  1.81524455e+00  7.80021403e-05  5.91331315e-01  7.80021403e-05  8.55186082e-01  7.80021403e-05  1.17963715e+00                                 
 7.80023052e-05  6.86846806e-01  7.80023052e-05  6.14291776e-01  7.80023052e-05  6.38408908e-01  7.80023052e-05  0.00000000e+00  7.80023052e-05  1.78834939e+00  7.80023052e-05  5.94447969e-01  7.80023052e-05  7.12107497e-01  7.80023052e-05  1.18039069e+00                                 
 7.80024769e-05  6.86849336e-01  7.80024769e-05  6.15181374e-01  7.80024769e-05  6.26915509e-01  7.80024769e-05  0.00000000e+00  7.80024769e-05  1.80552829e+00  7.80024769e-05  6.04280430e-01  7.80024769e-05  6.53367563e-01  7.80024769e-05  1.18047360e+00                                 
 7.80026270e-05  6.86846572e-01  7.80026270e-05  6.15662577e-01  7.80026270e-05  6.21276814e-01  7.80026270e-05  0.00000000e+00  7.80026270e-05  1.79709105e+00  7.80026270e-05  6.08778166e-01  7.80026270e-05  6.31921104e-01  7.80026270e-05  1.18034796e+00                                 
 7.80028186e-05  6.86849221e-01  7.80028186e-05  6.16149531e-01  7.80028186e-05  6.17819724e-01  7.80028186e-05  0.00000000e+00  7.80028186e-05  1.80181202e+00  7.80028186e-05  6.13360742e-01  7.80028186e-05  6.22276153e-01  7.80028186e-05  1.17956949e+00                                 
 7.80030511e-05  6.86847179e-01  7.80030511e-05  6.16345106e-01  7.80030511e-05  6.16595026e-01  7.80030511e-05  0.00000000e+00  7.80030511e-05  1.79887378e+00  7.80030511e-05  6.14777210e-01  7.80030511e-05  6.17457997e-01  7.80030511e-05  1.17839012e+00                                 
 7.80033940e-05  6.86849542e-01  7.80033940e-05  6.16501992e-01  7.80033940e-05  6.16442864e-01  7.80033940e-05  0.00000000e+00  7.80033940e-05  1.80089228e+00  7.80033940e-05  6.16258761e-01  7.80033940e-05  6.16767133e-01  7.80033940e-05  1.17616790e+00                                 
 7.80038903e-05  6.86847829e-01  7.80038903e-05  6.16479195e-01  7.80038903e-05  6.17672202e-01  7.80038903e-05  0.00000000e+00  7.80038903e-05  1.79929248e+00  7.80038903e-05  6.16163722e-01  7.80038903e-05  6.17166241e-01  7.80038903e-05  1.17270563e+00                                 
 7.80047122e-05  6.86849899e-01  7.80047122e-05  6.16474487e-01  7.80047122e-05  6.19856282e-01  7.80047122e-05  0.00000000e+00  7.80047122e-05  1.80065436e+00  7.80047122e-05  6.16660940e-01  7.80047122e-05  6.19831109e-01  7.80047122e-05  1.16647093e+00                                 
 7.80062174e-05  6.86848157e-01  7.80062174e-05  6.16374991e-01  7.80062174e-05  6.24505535e-01  7.80062174e-05  0.00000000e+00  7.80062174e-05  1.79941181e+00  7.80062174e-05  6.16340291e-01  7.80062174e-05  6.23942694e-01  7.80062174e-05  1.15453470e+00                                 
 7.80092278e-05  6.86850001e-01  7.80092278e-05  6.16287523e-01  7.80092278e-05  6.33442038e-01  7.80092278e-05  0.00000000e+00  7.80092278e-05  1.80059467e+00  7.80092278e-05  6.16587068e-01  7.80092278e-05  6.33370541e-01  7.80092278e-05  1.12953311e+00                                 
 7.80152486e-05  6.86848210e-01  7.80152486e-05  6.16169257e-01  7.80152486e-05  6.51274690e-01  7.80152486e-05  0.00000000e+00  7.80152486e-05  1.79943927e+00  7.80152486e-05  6.16029329e-01  7.80152486e-05  6.50655917e-01  7.80152486e-05  1.07846679e+00                                 
 7.80243594e-05  6.86850003e-01  7.80243594e-05  6.16200779e-01  7.80243594e-05  6.76973546e-01  7.80243594e-05  0.00000000e+00  7.80243594e-05  1.80057860e+00  7.80243594e-05  6.16129866e-01  7.80243594e-05  6.76864258e-01  7.80243594e-05  1.00025390e+00                                 
 7.80376099e-05  6.86848219e-01  7.80376099e-05  6.16177555e-01  7.80376099e-05  7.12719638e-01  7.80376099e-05  0.00000000e+00  7.80376099e-05  1.79944814e+00  7.80376099e-05  6.15615182e-01  7.80376099e-05  7.11977686e-01  7.80376099e-05  8.92927535e-01                                 
 7.80523608e-05  6.86850004e-01  7.80523608e-05  6.16208836e-01  7.80523608e-05  7.49593874e-01  7.80523608e-05  0.00000000e+00  7.80523608e-05  1.80056931e+00  7.80523608e-05  6.15874136e-01  7.80523608e-05  7.49496062e-01  7.80523608e-05  8.10310354e-01                                 
 7.80707106e-05  6.86848223e-01  7.80707106e-05  6.16181241e-01  7.80707106e-05  7.92130763e-01  7.80707106e-05  0.00000000e+00  7.80707106e-05  1.79945272e+00  7.80707106e-05  6.15504767e-01  7.80707106e-05  7.91263251e-01  7.80707106e-05  7.81983341e-01                                 
 7.80884515e-05  6.86850003e-01  7.80884515e-05  6.16210184e-01  7.80884515e-05  8.29322186e-01  7.80884515e-05  0.00000000e+00  7.80884515e-05  1.80056152e+00  7.80884515e-05  6.15834547e-01  7.80884515e-05  8.29336028e-01  7.80884515e-05  8.04730855e-01                                 
 7.81030691e-05  6.86848226e-01  7.81030691e-05  6.16181488e-01  7.81030691e-05  8.57713296e-01  7.81030691e-05  0.00000000e+00  7.81030691e-05  1.79945739e+00  7.81030691e-05  6.15493256e-01  7.81030691e-05  8.56639464e-01  7.81030691e-05  8.32032384e-01                                 
 7.81200969e-05  6.86850000e-01  7.81200969e-05  6.16210464e-01  7.81200969e-05  8.87767084e-01  7.81200969e-05  0.00000000e+00  7.81200969e-05  1.80055358e+00  7.81200969e-05  6.15835836e-01  7.81200969e-05  8.87834071e-01  7.81200969e-05  8.62487111e-01                                 
 7.81403510e-05  6.86848229e-01  7.81403510e-05  6.16181295e-01  7.81403510e-05  9.20383999e-01  7.81403510e-05  0.00000000e+00  7.81403510e-05  1.79946419e+00  7.81403510e-05  6.15490397e-01  7.81403510e-05  9.19019640e-01  7.81403510e-05  8.96605555e-01                                 
 7.81808592e-05  6.86849999e-01  7.81808592e-05  6.16210728e-01  7.81808592e-05  9.75142209e-01  7.81808592e-05  0.00000000e+00  7.81808592e-05  1.80054766e+00  7.81808592e-05  6.15841049e-01  7.81808592e-05  9.75425751e-01  7.81808592e-05  9.54957561e-01                                 
 7.82618756e-05  6.86848229e-01  7.82618756e-05  6.16181190e-01  7.82618756e-05  1.05379395e+00  7.82618756e-05  0.00000000e+00  7.82618756e-05  1.79946531e+00  7.82618756e-05  6.15492894e-01  7.82618756e-05  1.05270816e+00  7.82618756e-05  1.04279213e+00                                 
 7.84239084e-05  6.86849998e-01  7.84239084e-05  6.16210804e-01  7.84239084e-05  1.13338906e+00  7.84239084e-05  0.00000000e+00  7.84239084e-05  1.80054305e+00  7.84239084e-05  6.15847624e-01  7.84239084e-05  1.13411560e+00  7.84239084e-05  1.13505026e+00                                 
 7.86032590e-05  6.86848230e-01  7.86032590e-05  6.16181025e-01  7.86032590e-05  1.16188041e+00  7.86032590e-05  0.00000000e+00  7.86032590e-05  1.79945763e+00  7.86032590e-05  6.15495464e-01  7.86032590e-05  1.16106438e+00  7.86032590e-05  1.16815416e+00                                 
 7.88480886e-05  6.86849997e-01  7.88480886e-05  6.16210837e-01  7.88480886e-05  1.17124437e+00  7.88480886e-05  0.00000000e+00  7.88480886e-05  1.80054193e+00  7.88480886e-05  6.15849511e-01  7.88480886e-05  1.17199880e+00  7.88480886e-05  1.17935871e+00                                 
 7.91285916e-05  6.86848230e-01  7.91285916e-05  6.16181047e-01  7.91285916e-05  1.17275610e+00  7.91285916e-05  0.00000000e+00  7.91285916e-05  1.79946092e+00  7.91285916e-05  6.15496226e-01  7.91285916e-05  1.17210778e+00  7.91285916e-05  1.18110691e+00                                 
 7.96461032e-05  6.86849997e-01  7.96461032e-05  6.16210861e-01  7.96461032e-05  1.17267875e+00  7.96461032e-05  0.00000000e+00  7.96461032e-05  1.80054165e+00  7.96461032e-05  6.15849860e-01  7.96461032e-05  1.17342972e+00  7.96461032e-05  1.18103788e+00                                 
 8.05269505e-05  6.86848230e-01  8.05269505e-05  6.16181065e-01  8.05269505e-05  1.17283454e+00  8.05269505e-05  0.00000000e+00  8.05269505e-05  1.79946281e+00  8.05269505e-05  6.15496431e-01  8.05269505e-05  1.17212032e+00  8.05269505e-05  1.18117073e+00                                 
 8.17269505e-05  6.86849997e-01  8.17269505e-05  6.16210871e-01  8.17269505e-05  1.17266645e+00  8.17269505e-05  0.00000000e+00  8.17269505e-05  1.80054156e+00  8.17269505e-05  6.15849976e-01  8.17269505e-05  1.17341565e+00  8.17269505e-05  1.18101885e+00                                 
 8.29269505e-05  6.86848230e-01  8.29269505e-05  6.16181018e-01  8.29269505e-05  1.17282864e+00  8.29269505e-05  0.00000000e+00  8.29269505e-05  1.79946074e+00  8.29269505e-05  6.15495891e-01  8.29269505e-05  1.17209879e+00  8.29269505e-05  1.18114265e+00                                 
 8.40000000e-05  6.86849997e-01  8.40000000e-05  6.16210920e-01  8.40000000e-05  1.17267509e+00  8.40000000e-05  0.00000000e+00  8.40000000e-05  1.80054529e+00  8.40000000e-05  6.15850531e-01  8.40000000e-05  1.17343793e+00  8.40000000e-05  1.18104857e+00                                 
 8.40001000e-05  6.86874423e-01  8.40001000e-05  6.16366265e-01  8.40001000e-05  1.17406741e+00  8.40001000e-05  1.80000000e-01  8.40001000e-05  1.80027876e+00  8.40001000e-05  6.17130550e-01  8.40001000e-05  1.17444121e+00  8.40001000e-05  1.18108662e+00                                 
 8.40003000e-05  6.86856587e-01  8.40003000e-05  6.16386678e-01  8.40003000e-05  1.17377609e+00  8.40003000e-05  5.40000000e-01  8.40003000e-05  1.79987516e+00  8.40003000e-05  6.17429452e-01  8.40003000e-05  1.17446001e+00  8.40003000e-05  1.18109608e+00                                 
 8.40006252e-05  6.86790101e-01  8.40006252e-05  6.15792782e-01  8.40006252e-05  1.17112521e+00  8.40006252e-05  1.12542136e+00  8.40006252e-05  1.80228802e+00  8.40006252e-05  6.12548975e-01  8.40006252e-05  1.17243733e+00  8.40006252e-05  1.18111011e+00                                 
 8.40009554e-05  6.87149394e-01  8.40009554e-05  6.16310435e-01  8.40009554e-05  1.15991487e+00  8.40009554e-05  1.71976142e+00  8.40009554e-05  1.37441140e-01  8.40009554e-05  6.15821028e-01  8.40009554e-05  1.17278847e+00  8.40009554e-05  1.18114762e+00                                 
 8.40010000e-05  6.87424323e-01  8.40010000e-05  6.16601654e-01  8.40010000e-05  1.15581863e+00  8.40010000e-05  1.80000000e+00  8.40010000e-05 -1.99222539e-02  8.40010000e-05  6.18778287e-01  8.40010000e-05  1.17402188e+00  8.40010000e-05  1.18116839e+00                                 
 8.40010166e-05  6.87477389e-01  8.40010166e-05  6.16535583e-01  8.40010166e-05  1.15388378e+00  8.40010166e-05  1.80000000e+00  8.40010166e-05 -7.45614235e-03  8.40010166e-05  6.18329488e-01  8.40010166e-05  1.17391901e+00  8.40010166e-05  1.18115519e+00                                 
 8.40010499e-05  6.87554730e-01  8.40010499e-05  6.16398242e-01  8.40010499e-05  1.15102371e+00  8.40010499e-05  1.80000000e+00  8.40010499e-05  2.15912461e-03  8.40010499e-05  6.17115107e-01  8.40010499e-05  1.17314816e+00  8.40010499e-05  1.18113014e+00                                 
 8.40011163e-05  6.87640661e-01  8.40011163e-05  6.16254868e-01  8.40011163e-05  1.14926973e+00  8.40011163e-05  1.80000000e+00  8.40011163e-05 -6.55026350e-04  8.40011163e-05  6.15835283e-01  8.40011163e-05  1.17206433e+00  8.40011163e-05  1.18113645e+00                                 
 8.40012493e-05  6.87682494e-01  8.40012493e-05  6.16232726e-01  8.40012493e-05  1.14901989e+00  8.40012493e-05  1.80000000e+00  8.40012493e-05  6.96812580e-04  8.40012493e-05  6.15910589e-01  8.40012493e-05  1.17214216e+00  8.40012493e-05  1.18115473e+00                                 
 8.40014792e-05  6.87550677e-01  8.40014792e-05  6.16205754e-01  8.40014792e-05  1.14926368e+00  8.40014792e-05  1.80000000e+00  8.40014792e-05 -5.62351774e-04  8.40014792e-05  6.15751605e-01  8.40014792e-05  1.17198723e+00  8.40014792e-05  1.18115447e+00                                 
 8.40017583e-05  6.87330445e-01  8.40017583e-05  6.16200963e-01  8.40017583e-05  1.14993944e+00  8.40017583e-05  1.80000000e+00  8.40017583e-05  4.25047771e-04  8.40017583e-05  6.15810814e-01  8.40017583e-05  1.17205189e+00  8.40017583e-05  1.18116608e+00                                 
 8.40022028e-05  6.87047722e-01  8.40022028e-05  6.16194808e-01  8.40022028e-05  1.14967648e+00  8.40022028e-05  1.80000000e+00  8.40022028e-05 -4.46433664e-04  8.40022028e-05  6.15728460e-01  8.40022028e-05  1.17196902e+00  8.40022028e-05  1.18115639e+00                                 
 8.40029541e-05  6.86804400e-01  8.40029541e-05  6.16195963e-01  8.40029541e-05  1.14749650e+00  8.40029541e-05  1.80000000e+00  8.40029541e-05  3.74195026e-04  8.40029541e-05  6.15775709e-01  8.40029541e-05  1.17202208e+00  8.40029541e-05  1.18114845e+00                                 
 8.40044565e-05  6.86674585e-01  8.40044565e-05  6.16190994e-01  8.40044565e-05  1.13923794e+00  8.40044565e-05  1.80000000e+00  8.40044565e-05 -3.95375589e-04  8.40044565e-05  6.15678810e-01  8.40044565e-05  1.17192845e+00  8.40044565e-05  1.18109611e+00                                 
 8.40073428e-05  6.86729571e-01  8.40073428e-05  6.16193871e-01  8.40073428e-05  1.11931335e+00  8.40073428e-05  1.80000000e+00  8.40073428e-05  3.74142918e-04  8.40073428e-05  6.15707166e-01  8.40073428e-05  1.17196221e+00  8.40073428e-05  1.18100523e+00                                 
 8.40115377e-05  6.86806724e-01  8.40115377e-05  6.16193293e-01  8.40115377e-05  1.08621376e+00  8.40115377e-05  1.80000000e+00  8.40115377e-05 -3.77552177e-04  8.40115377e-05  6.15629571e-01  8.40115377e-05  1.17187988e+00  8.40115377e-05  1.18086867e+00                                 
 8.40163241e-05  6.86848939e-01  8.40163241e-05  6.16197011e-01  8.40163241e-05  1.04545180e+00  8.40163241e-05  1.80000000e+00  8.40163241e-05  3.70794897e-04  8.40163241e-05  6.15689334e-01  8.40163241e-05  1.17193727e+00  8.40163241e-05  1.18075088e+00                                 
 8.40214592e-05  6.86854740e-01  8.40214592e-05  6.16194655e-01  8.40214592e-05  1.00065636e+00  8.40214592e-05  1.80000000e+00  8.40214592e-05 -3.69431659e-04  8.40214592e-05  6.15628567e-01  8.40214592e-05  1.17187048e+00  8.40214592e-05  1.18063559e+00                                 
 8.40281897e-05  6.86858672e-01  8.40281897e-05  6.16197344e-01  8.40281897e-05  9.41968099e-01  8.40281897e-05  1.80000000e+00  8.40281897e-05  3.66489981e-04  8.40281897e-05  6.15691397e-01  8.40281897e-05  1.17193141e+00  8.40281897e-05  1.18053166e+00                                 
 8.40377544e-05  6.86853581e-01  8.40377544e-05  6.16194612e-01  8.40377544e-05  8.59160175e-01  8.40377544e-05  1.80000000e+00  8.40377544e-05 -3.64292551e-04  8.40377544e-05  6.15630664e-01  8.40377544e-05  1.17186526e+00  8.40377544e-05  1.18041390e+00                                 
 8.40509807e-05  6.86855653e-01  8.40509807e-05  6.16197227e-01  8.40509807e-05  7.49869047e-01  8.40509807e-05  1.80000000e+00  8.40509807e-05  3.66441825e-04  8.40509807e-05  6.15690990e-01  8.40509807e-05  1.17192495e+00  8.40509807e-05  1.18032566e+00                                 
 8.40650609e-05  6.86849661e-01  8.40650609e-05  6.16195343e-01  8.40650609e-05  6.65621840e-01  8.40650609e-05  1.80000000e+00  8.40650609e-05 -3.55924965e-04  8.40650609e-05  6.15648054e-01  8.40650609e-05  1.17187597e+00  8.40650609e-05  1.18026695e+00                                 
 8.40828551e-05  6.86850586e-01  8.40828551e-05  6.16196781e-01  8.40828551e-05  6.26250112e-01  8.40828551e-05  1.80000000e+00  8.40828551e-05  3.71573803e-04  8.40828551e-05  6.15707559e-01  8.40828551e-05  1.17193684e+00  8.40828551e-05  1.18024518e+00                                 
 8.40980807e-05  6.86844067e-01  8.40980807e-05  6.16194880e-01  8.40980807e-05  6.19187922e-01  8.40980807e-05  1.80000000e+00  8.40980807e-05 -3.51678138e-04  8.40980807e-05  6.15647189e-01  8.40980807e-05  1.17187401e+00  8.40980807e-05  1.18022745e+00                                 
 8.41155472e-05  6.86852336e-01  8.41155472e-05  6.16196871e-01  8.41155472e-05  6.15946893e-01  8.41155472e-05  1.80000000e+00  8.41155472e-05  3.70270450e-04  8.41155472e-05  6.15702002e-01  8.41155472e-05  1.17193116e+00  8.41155472e-05  1.18022634e+00                                 
 8.41325747e-05  6.86845935e-01  8.41325747e-05  6.16194955e-01  8.41325747e-05  6.15532845e-01  8.41325747e-05  1.80000000e+00  8.41325747e-05 -3.49736263e-04  8.41325747e-05  6.15645020e-01  8.41325747e-05  1.17187132e+00  8.41325747e-05  1.18021567e+00                                 
 8.41666295e-05  6.86851901e-01  8.41666295e-05  6.16196881e-01  8.41666295e-05  6.15006208e-01  8.41666295e-05  1.80000000e+00  8.41666295e-05  3.68988836e-04  8.41666295e-05  6.15700797e-01  8.41666295e-05  1.17192904e+00  8.41666295e-05  1.18021842e+00                                 
 8.42138739e-05  6.86846513e-01  8.42138739e-05  6.16194972e-01  8.42138739e-05  6.15212406e-01  8.42138739e-05  1.80000000e+00  8.42138739e-05 -3.48957104e-04  8.42138739e-05  6.15644632e-01  8.42138739e-05  1.17186945e+00  8.42138739e-05  1.18021028e+00                                 
 8.43083628e-05  6.86851627e-01  8.43083628e-05  6.16196879e-01  8.43083628e-05  6.15040166e-01  8.43083628e-05  1.80000000e+00  8.43083628e-05  3.68508867e-04  8.43083628e-05  6.15700790e-01  8.43083628e-05  1.17192646e+00  8.43083628e-05  1.18021514e+00                                 
 8.44973404e-05  6.86846643e-01  8.44973404e-05  6.16194973e-01  8.44973404e-05  6.15202586e-01  8.44973404e-05  1.80000000e+00  8.44973404e-05 -3.48717824e-04  8.44973404e-05  6.15644634e-01  8.44973404e-05  1.17186437e+00  8.44973404e-05  1.18020520e+00                                 
 8.48752956e-05  6.86851564e-01  8.48752956e-05  6.16196878e-01  8.48752956e-05  6.15045460e-01  8.48752956e-05  1.80000000e+00  8.48752956e-05  3.68389259e-04  8.48752956e-05  6.15700790e-01  8.48752956e-05  1.17191630e+00  8.48752956e-05  1.18020497e+00                                 
 8.56312061e-05  6.86846673e-01  8.56312061e-05  6.16194973e-01  8.56312061e-05  6.15200437e-01  8.56312061e-05  1.80000000e+00  8.56312061e-05 -3.48658077e-04  8.56312061e-05  6.15644634e-01  8.56312061e-05  1.17184403e+00  8.56312061e-05  1.18018485e+00                                 
 8.68312061e-05  6.86851547e-01  8.68312061e-05  6.16196878e-01  8.68312061e-05  6.15046568e-01  8.68312061e-05  1.80000000e+00  8.68312061e-05  3.68356788e-04  8.68312061e-05  6.15700789e-01  8.68312061e-05  1.17188117e+00  8.68312061e-05  1.18016983e+00                                 
 8.80312061e-05  6.86846686e-01  8.80312061e-05  6.16194973e-01  8.80312061e-05  6.15199128e-01  8.80312061e-05  1.80000000e+00  8.80312061e-05 -3.48632996e-04  8.80312061e-05  6.15644633e-01  8.80312061e-05  1.17180094e+00  8.80312061e-05  1.18014174e+00                                 
 8.92312061e-05  6.86851535e-01  8.92312061e-05  6.16196878e-01  8.92312061e-05  6.15047368e-01  8.92312061e-05  1.80000000e+00  8.92312061e-05  3.68331695e-04  8.92312061e-05  6.15700789e-01  8.92312061e-05  1.17183808e+00  8.92312061e-05  1.18012672e+00                                 
 9.00010000e-05  6.86846703e-01  9.00010000e-05  6.16194974e-01  9.00010000e-05  6.15325179e-01  9.00010000e-05  1.80000000e+00  9.00010000e-05 -3.49649474e-04  9.00010000e-05  6.15644642e-01  9.00010000e-05  1.17176554e+00  9.00010000e-05  1.18010631e+00                                 
 9.00011000e-05  6.86797631e-01  9.00011000e-05  6.15958652e-01  9.00011000e-05  6.13638992e-01  9.00011000e-05  1.62000000e+00  9.00011000e-05 -1.28260035e-04  9.00011000e-05  6.14162710e-01  9.00011000e-05  1.17051423e+00  9.00011000e-05  1.18009971e+00                                 
 9.00013000e-05  6.86831969e-01  9.00013000e-05  6.15951019e-01  9.00013000e-05  6.13574745e-01  9.00013000e-05  1.26000000e+00  9.00013000e-05  3.22521286e-05  9.00013000e-05  6.13819835e-01  9.00013000e-05  1.17022868e+00  9.00013000e-05  1.18011394e+00                                 
 9.00016472e-05  6.86900931e-01  9.00016472e-05  6.16151714e-01  9.00016472e-05  6.15597316e-01  9.00016472e-05  6.34988557e-01  9.00016472e-05  1.26507916e-02  9.00016472e-05  6.14063670e-01  9.00016472e-05  1.16698010e+00  9.00016472e-05  1.18009086e+00                                 
 9.00020000e-05  6.86831219e-01  9.00020000e-05  6.15639017e-01  9.00020000e-05  6.36922465e-01  9.00020000e-05  0.00000000e+00  9.00020000e-05  1.61266001e+00  9.00020000e-05  6.09302549e-01  9.00020000e-05  1.03463777e+00  9.00020000e-05  1.17965628e+00                                 
 9.00020468e-05  6.86848034e-01  9.00020468e-05  6.14993401e-01  9.00020468e-05  6.45634288e-01  9.00020468e-05  0.00000000e+00  9.00020468e-05  1.73278348e+00  9.00020468e-05  6.01937715e-01  9.00020468e-05  9.74812407e-01  9.00020468e-05  1.17945544e+00                                 
 9.00021403e-05  6.86850951e-01  9.00021403e-05  6.14055583e-01  9.00021403e-05  6.51629080e-01  9.00021403e-05  0.00000000e+00  9.00021403e-05  1.81524455e+00  9.00021403e-05  5.91331310e-01  9.00021403e-05  8.55186147e-01  9.00021403e-05  1.17963728e+00                                 
 9.00023052e-05  6.86846806e-01  9.00023052e-05  6.14291776e-01  9.00023052e-05  6.38408912e-01  9.00023052e-05  0.00000000e+00  9.00023052e-05  1.78834939e+00  9.00023052e-05  5.94447964e-01  9.00023052e-05  7.12107524e-01  9.00023052e-05  1.18039081e+00                                 
 9.00024769e-05  6.86849336e-01  9.00024769e-05  6.15181373e-01  9.00024769e-05  6.26915511e-01  9.00024769e-05  0.00000000e+00  9.00024769e-05  1.80552829e+00  9.00024769e-05  6.04280427e-01  9.00024769e-05  6.53367572e-01  9.00024769e-05  1.18047373e+00                                 
 9.00026270e-05  6.86846571e-01  9.00026270e-05  6.15662576e-01  9.00026270e-05  6.21276815e-01  9.00026270e-05  0.00000000e+00  9.00026270e-05  1.79709105e+00  9.00026270e-05  6.08778165e-01  9.00026270e-05  6.31921108e-01  9.00026270e-05  1.18034808e+00                                 
 9.00028186e-05  6.86849221e-01  9.00028186e-05  6.16149531e-01  9.00028186e-05  6.17819724e-01  9.00028186e-05  0.00000000e+00  9.00028186e-05  1.80181202e+00  9.00028186e-05  6.13360742e-01  9.00028186e-05  6.22276154e-01  9.00028186e-05  1.17956961e+00                                 
 9.00030511e-05  6.86847179e-01  9.00030511e-05  6.16345106e-01  9.00030511e-05  6.16595025e-01  9.00030511e-05  0.00000000e+00  9.00030511e-05  1.79887378e+00  9.00030511e-05  6.14777210e-01  9.00030511e-05  6.17457997e-01  9.00030511e-05  1.17839025e+00                                 
 9.00033940e-05  6.86849542e-01  9.00033940e-05  6.16501992e-01  9.00033940e-05  6.16442863e-01  9.00033940e-05  0.00000000e+00  9.00033940e-05  1.80089228e+00  9.00033940e-05  6.16258761e-01  9.00033940e-05  6.16767132e-01  9.00033940e-05  1.17616802e+00                                 
 9.00038903e-05  6.86847829e-01  9.00038903e-05  6.16479195e-01  9.00038903e-05  6.17672201e-01  9.00038903e-05  0.00000000e+00  9.00038903e-05  1.79929248e+00  9.00038903e-05  6.16163722e-01  9.00038903e-05  6.17166240e-01  9.00038903e-05  1.17270575e+00                                 
 9.00047122e-05  6.86849899e-01  9.00047122e-05  6.16474487e-01  9.00047122e-05  6.19856281e-01  9.00047122e-05  0.00000000e+00  9.00047122e-05  1.80065436e+00  9.00047122e-05  6.16660940e-01  9.00047122e-05  6.19831107e-01  9.00047122e-05  1.16647106e+00                                 
 9.00062174e-05  6.86848157e-01  9.00062174e-05  6.16374991e-01  9.00062174e-05  6.24505533e-01  9.00062174e-05  0.00000000e+00  9.00062174e-05  1.79941181e+00  9.00062174e-05  6.16340291e-01  9.00062174e-05  6.23942691e-01  9.00062174e-05  1.15453483e+00                                 
 9.00092278e-05  6.86850001e-01  9.00092278e-05  6.16287523e-01  9.00092278e-05  6.33442034e-01  9.00092278e-05  0.00000000e+00  9.00092278e-05  1.80059467e+00  9.00092278e-05  6.16587068e-01  9.00092278e-05  6.33370538e-01  9.00092278e-05  1.12953324e+00                                 
 9.00152486e-05  6.86848210e-01  9.00152486e-05  6.16169257e-01  9.00152486e-05  6.51274684e-01  9.00152486e-05  0.00000000e+00  9.00152486e-05  1.79943927e+00  9.00152486e-05  6.16029329e-01  9.00152486e-05  6.50655910e-01  9.00152486e-05  1.07846693e+00                                 
 9.00243594e-05  6.86850003e-01  9.00243594e-05  6.16200779e-01  9.00243594e-05  6.76973536e-01  9.00243594e-05  0.00000000e+00  9.00243594e-05  1.80057860e+00  9.00243594e-05  6.16129866e-01  9.00243594e-05  6.76864249e-01  9.00243594e-05  1.00025405e+00                                 
 9.00376099e-05  6.86848219e-01  9.00376099e-05  6.16177555e-01  9.00376099e-05  7.12719630e-01  9.00376099e-05  0.00000000e+00  9.00376099e-05  1.79944814e+00  9.00376099e-05  6.15615182e-01  9.00376099e-05  7.11977678e-01  9.00376099e-05  8.92927671e-01                                 
 9.00523608e-05  6.86850005e-01  9.00523608e-05  6.16208836e-01  9.00523608e-05  7.49593868e-01  9.00523608e-05  0.00000000e+00  9.00523608e-05  1.80056931e+00  9.00523608e-05  6.15874136e-01  9.00523608e-05  7.49496056e-01  9.00523608e-05  8.10310442e-01                                 
 9.00707106e-05  6.86848223e-01  9.00707106e-05  6.16181241e-01  9.00707106e-05  7.92130774e-01  9.00707106e-05  0.00000000e+00  9.00707106e-05  1.79945272e+00  9.00707106e-05  6.15504767e-01  9.00707106e-05  7.91263262e-01  9.00707106e-05  7.81983366e-01                                 
 9.00884515e-05  6.86850003e-01  9.00884515e-05  6.16210184e-01  9.00884515e-05  8.29322239e-01  9.00884515e-05  0.00000000e+00  9.00884515e-05  1.80056152e+00  9.00884515e-05  6.15834547e-01  9.00884515e-05  8.29336082e-01  9.00884515e-05  8.04730901e-01                                 
 9.01030692e-05  6.86848226e-01  9.01030692e-05  6.16181488e-01  9.01030692e-05  8.57713342e-01  9.01030692e-05  0.00000000e+00  9.01030692e-05  1.79945739e+00  9.01030692e-05  6.15493256e-01  9.01030692e-05  8.56639510e-01  9.01030692e-05  8.32032431e-01                                 
 9.01200969e-05  6.86850000e-01  9.01200969e-05  6.16210464e-01  9.01200969e-05  8.87767124e-01  9.01200969e-05  0.00000000e+00  9.01200969e-05  1.80055358e+00  9.01200969e-05  6.15835836e-01  9.01200969e-05  8.87834111e-01  9.01200969e-05  8.62487152e-01                                 
 9.01403510e-05  6.86848228e-01  9.01403510e-05  6.16181295e-01  9.01403510e-05  9.20384008e-01  9.01403510e-05  0.00000000e+00  9.01403510e-05  1.79946419e+00  9.01403510e-05  6.15490397e-01  9.01403510e-05  9.19019648e-01  9.01403510e-05  8.96605564e-01                                 
 9.01808592e-05  6.86849998e-01  9.01808592e-05  6.16210728e-01  9.01808592e-05  9.75142172e-01  9.01808592e-05  0.00000000e+00  9.01808592e-05  1.80054766e+00  9.01808592e-05  6.15841048e-01  9.01808592e-05  9.75425714e-01  9.01808592e-05  9.54957521e-01                                 
 9.02618755e-05  6.86848229e-01  9.02618755e-05  6.16181189e-01  9.02618755e-05  1.05379387e+00  9.02618755e-05  0.00000000e+00  9.02618755e-05  1.79946531e+00  9.02618755e-05  6.15492894e-01  9.02618755e-05  1.05270808e+00  9.02618755e-05  1.04279204e+00                                 
 9.04239082e-05  6.86849998e-01  9.04239082e-05  6.16210804e-01  9.04239082e-05  1.13338899e+00  9.04239082e-05  0.00000000e+00  9.04239082e-05  1.80054305e+00  9.04239082e-05  6.15847625e-01  9.04239082e-05  1.13411553e+00  9.04239082e-05  1.13505017e+00                                 
 9.06032588e-05  6.86848230e-01  9.06032588e-05  6.16181025e-01  9.06032588e-05  1.16188039e+00  9.06032588e-05  0.00000000e+00  9.06032588e-05  1.79945763e+00  9.06032588e-05  6.15495464e-01  9.06032588e-05  1.16106436e+00  9.06032588e-05  1.16815413e+00                                 
 9.08480883e-05  6.86849998e-01  9.08480883e-05  6.16210837e-01  9.08480883e-05  1.17124435e+00  9.08480883e-05  0.00000000e+00  9.08480883e-05  1.80054193e+00  9.08480883e-05  6.15849511e-01  9.08480883e-05  1.17199879e+00  9.08480883e-05  1.17935869e+00                                 
 9.11285912e-05  6.86848230e-01  9.11285912e-05  6.16181047e-01  9.11285912e-05  1.17275608e+00  9.11285912e-05  0.00000000e+00  9.11285912e-05  1.79946092e+00  9.11285912e-05  6.15496225e-01  9.11285912e-05  1.17210777e+00  9.11285912e-05  1.18110689e+00                                 
 9.16461021e-05  6.86849997e-01  9.16461021e-05  6.16210861e-01  9.16461021e-05  1.17267872e+00  9.16461021e-05  0.00000000e+00  9.16461021e-05  1.80054165e+00  9.16461021e-05  6.15849860e-01  9.16461021e-05  1.17342970e+00  9.16461021e-05  1.18103786e+00                                 
 9.25269489e-05  6.86848230e-01  9.25269489e-05  6.16181065e-01  9.25269489e-05  1.17283449e+00  9.25269489e-05  0.00000000e+00  9.25269489e-05  1.79946281e+00  9.25269489e-05  6.15496432e-01  9.25269489e-05  1.17212027e+00  9.25269489e-05  1.18117069e+00                                 
 9.37269489e-05  6.86849997e-01  9.37269489e-05  6.16210871e-01  9.37269489e-05  1.17266637e+00  9.37269489e-05  0.00000000e+00  9.37269489e-05  1.80054156e+00  9.37269489e-05  6.15849976e-01  9.37269489e-05  1.17341556e+00  9.37269489e-05  1.18101877e+00                                 
 9.49269489e-05  6.86848230e-01  9.49269489e-05  6.16181018e-01  9.49269489e-05  1.17282852e+00  9.49269489e-05  0.00000000e+00  9.49269489e-05  1.79946074e+00  9.49269489e-05  6.15495891e-01  9.49269489e-05  1.17209868e+00  9.49269489e-05  1.18114254e+00                                 
 9.60000000e-05  6.86849997e-01  9.60000000e-05  6.16210920e-01  9.60000000e-05  1.17267497e+00  9.60000000e-05  0.00000000e+00  9.60000000e-05  1.80054529e+00  9.60000000e-05  6.15850531e-01  9.60000000e-05  1.17343780e+00  9.60000000e-05  1.18104844e+00                                 
 9.60001000e-05  6.86874423e-01  9.60001000e-05  6.16366265e-01  9.60001000e-05  1.17406728e+00  9.60001000e-05  1.80000000e-01  9.60001000e-05  1.80027876e+00  9.60001000e-05  6.17130550e-01  9.60001000e-05  1.17444108e+00  9.60001000e-05  1.18108649e+00                                 
 9.60003000e-05  6.86856587e-01  9.60003000e-05  6.16386678e-01  9.60003000e-05  1.17377597e+00  9.60003000e-05  5.40000000e-01  9.60003000e-05  1.79987516e+00  9.60003000e-05  6.17429452e-01  9.60003000e-05  1.17445988e+00  9.60003000e-05  1.18109595e+00                                 
 9.60006252e-05  6.86790101e-01  9.60006252e-05  6.15792782e-01  9.60006252e-05  1.17112508e+00  9.60006252e-05  1.12542136e+00  9.60006252e-05  1.80228802e+00  9.60006252e-05  6.12548976e-01  9.60006252e-05  1.17243720e+00  9.60006252e-05  1.18110999e+00                                 
 9.60009554e-05  6.87149394e-01  9.60009554e-05  6.16310435e-01  9.60009554e-05  1.15991474e+00  9.60009554e-05  1.71976143e+00  9.60009554e-05  1.37441138e-01  9.60009554e-05  6.15821027e-01  9.60009554e-05  1.17278834e+00  9.60009554e-05  1.18114749e+00                                 
 9.60010000e-05  6.87424323e-01  9.60010000e-05  6.16601654e-01  9.60010000e-05  1.15581850e+00  9.60010000e-05  1.80000000e+00  9.60010000e-05 -1.99222513e-02  9.60010000e-05  6.18778285e-01  9.60010000e-05  1.17402175e+00  9.60010000e-05  1.18116827e+00                                 
 9.60010166e-05  6.87477389e-01  9.60010166e-05  6.16535583e-01  9.60010166e-05  1.15388366e+00  9.60010166e-05  1.80000000e+00  9.60010166e-05 -7.45614162e-03  9.60010166e-05  6.18329486e-01  9.60010166e-05  1.17391888e+00  9.60010166e-05  1.18115506e+00                                 
 9.60010499e-05  6.87554730e-01  9.60010499e-05  6.16398242e-01  9.60010499e-05  1.15102359e+00  9.60010499e-05  1.80000000e+00  9.60010499e-05  2.15912424e-03  9.60010499e-05  6.17115106e-01  9.60010499e-05  1.17314803e+00  9.60010499e-05  1.18113001e+00                                 
 9.60011163e-05  6.87640661e-01  9.60011163e-05  6.16254868e-01  9.60011163e-05  1.14926961e+00  9.60011163e-05  1.80000000e+00  9.60011163e-05 -6.55026137e-04  9.60011163e-05  6.15835281e-01  9.60011163e-05  1.17206420e+00  9.60011163e-05  1.18113632e+00                                 
 9.60012493e-05  6.87682494e-01  9.60012493e-05  6.16232726e-01  9.60012493e-05  1.14901976e+00  9.60012493e-05  1.80000000e+00  9.60012493e-05  6.96812391e-04  9.60012493e-05  6.15910587e-01  9.60012493e-05  1.17214203e+00  9.60012493e-05  1.18115460e+00                                 
 9.60014792e-05  6.87550677e-01  9.60014792e-05  6.16205754e-01  9.60014792e-05  1.14926356e+00  9.60014792e-05  1.80000000e+00  9.60014792e-05 -5.62351601e-04  9.60014792e-05  6.15751604e-01  9.60014792e-05  1.17198710e+00  9.60014792e-05  1.18115434e+00                                 
 9.60017583e-05  6.87330445e-01  9.60017583e-05  6.16200963e-01  9.60017583e-05  1.14993931e+00  9.60017583e-05  1.80000000e+00  9.60017583e-05  4.25047627e-04  9.60017583e-05  6.15810814e-01  9.60017583e-05  1.17205176e+00  9.60017583e-05  1.18116595e+00                                 
 9.60022028e-05  6.87047722e-01  9.60022028e-05  6.16194808e-01  9.60022028e-05  1.14967636e+00  9.60022028e-05  1.80000000e+00  9.60022028e-05 -4.46433517e-04  9.60022028e-05  6.15728460e-01  9.60022028e-05  1.17196889e+00  9.60022028e-05  1.18115626e+00                                 
 9.60029541e-05  6.86804400e-01  9.60029541e-05  6.16195963e-01  9.60029541e-05  1.14749638e+00  9.60029541e-05  1.80000000e+00  9.60029541e-05  3.74194890e-04  9.60029541e-05  6.15775708e-01  9.60029541e-05  1.17202196e+00  9.60029541e-05  1.18114832e+00                                 
 9.60044565e-05  6.86674585e-01  9.60044565e-05  6.16190995e-01  9.60044565e-05  1.13923781e+00  9.60044565e-05  1.80000000e+00  9.60044565e-05 -3.95375453e-04  9.60044565e-05  6.15678810e-01  9.60044565e-05  1.17192832e+00  9.60044565e-05  1.18109599e+00                                 
 9.60073428e-05  6.86729571e-01  9.60073428e-05  6.16193872e-01  9.60073428e-05  1.11931323e+00  9.60073428e-05  1.80000000e+00  9.60073428e-05  3.74142786e-04  9.60073428e-05  6.15707167e-01  9.60073428e-05  1.17196208e+00  9.60073428e-05  1.18100510e+00                                 
 9.60115377e-05  6.86806724e-01  9.60115377e-05  6.16193293e-01  9.60115377e-05  1.08621365e+00  9.60115377e-05  1.80000000e+00  9.60115377e-05 -3.77552044e-04  9.60115377e-05  6.15629571e-01  9.60115377e-05  1.17187976e+00  9.60115377e-05  1.18086855e+00                                 
 9.60163241e-05  6.86848939e-01  9.60163241e-05  6.16197011e-01  9.60163241e-05  1.04545168e+00  9.60163241e-05  1.80000000e+00  9.60163241e-05  3.70794766e-04  9.60163241e-05  6.15689334e-01  9.60163241e-05  1.17193714e+00  9.60163241e-05  1.18075076e+00                                 
 9.60214592e-05  6.86854740e-01  9.60214592e-05  6.16194655e-01  9.60214592e-05  1.00065624e+00  9.60214592e-05  1.80000000e+00  9.60214592e-05 -3.69431528e-04  9.60214592e-05  6.15628568e-01  9.60214592e-05  1.17187036e+00  9.60214592e-05  1.18063546e+00                                 
 9.60281897e-05  6.86858672e-01  9.60281897e-05  6.16197344e-01  9.60281897e-05  9.41967966e-01  9.60281897e-05  1.80000000e+00  9.60281897e-05  3.66489854e-04  9.60281897e-05  6.15691397e-01  9.60281897e-05  1.17193129e+00  9.60281897e-05  1.18053153e+00                                 
 9.60377544e-05  6.86853581e-01  9.60377544e-05  6.16194612e-01  9.60377544e-05  8.59160049e-01  9.60377544e-05  1.80000000e+00  9.60377544e-05 -3.64292421e-04  9.60377544e-05  6.15630664e-01  9.60377544e-05  1.17186513e+00  9.60377544e-05  1.18041377e+00                                 
 9.60509807e-05  6.86855653e-01  9.60509807e-05  6.16197227e-01  9.60509807e-05  7.49868995e-01  9.60509807e-05  1.80000000e+00  9.60509807e-05  3.66441698e-04  9.60509807e-05  6.15690990e-01  9.60509807e-05  1.17192482e+00  9.60509807e-05  1.18032554e+00                                 
 9.60650609e-05  6.86849662e-01  9.60650609e-05  6.16195343e-01  9.60650609e-05  6.65621798e-01  9.60650609e-05  1.80000000e+00  9.60650609e-05 -3.55924834e-04  9.60650609e-05  6.15648054e-01  9.60650609e-05  1.17187585e+00  9.60650609e-05  1.18026682e+00                                 
 9.60828551e-05  6.86850586e-01  9.60828551e-05  6.16196781e-01  9.60828551e-05  6.26250106e-01  9.60828551e-05  1.80000000e+00  9.60828551e-05  3.71573674e-04  9.60828551e-05  6.15707559e-01  9.60828551e-05  1.17193671e+00  9.60828551e-05  1.18024506e+00                                 
 9.60980806e-05  6.86844067e-01  9.60980806e-05  6.16194880e-01  9.60980806e-05  6.19187921e-01  9.60980806e-05  1.80000000e+00  9.60980806e-05 -3.51678009e-04  9.60980806e-05  6.15647189e-01  9.60980806e-05  1.17187388e+00  9.60980806e-05  1.18022732e+00                                 
 9.61155472e-05  6.86852336e-01  9.61155472e-05  6.16196871e-01  9.61155472e-05  6.15946894e-01  9.61155472e-05  1.80000000e+00  9.61155472e-05  3.70270321e-04  9.61155472e-05  6.15702002e-01  9.61155472e-05  1.17193103e+00  9.61155472e-05  1.18022621e+00                                 
 9.61325747e-05  6.86845935e-01  9.61325747e-05  6.16194955e-01  9.61325747e-05  6.15532844e-01  9.61325747e-05  1.80000000e+00  9.61325747e-05 -3.49736135e-04  9.61325747e-05  6.15645020e-01  9.61325747e-05  1.17187119e+00  9.61325747e-05  1.18021554e+00                                 
 9.61666295e-05  6.86851901e-01  9.61666295e-05  6.16196882e-01  9.61666295e-05  6.15006209e-01  9.61666295e-05  1.80000000e+00  9.61666295e-05  3.68988709e-04  9.61666295e-05  6.15700797e-01  9.61666295e-05  1.17192891e+00  9.61666295e-05  1.18021829e+00                                 
 9.62138739e-05  6.86846513e-01  9.62138739e-05  6.16194972e-01  9.62138739e-05  6.15212406e-01  9.62138739e-05  1.80000000e+00  9.62138739e-05 -3.48956977e-04  9.62138739e-05  6.15644633e-01  9.62138739e-05  1.17186932e+00  9.62138739e-05  1.18021015e+00                                 
 9.63083628e-05  6.86851627e-01  9.63083628e-05  6.16196879e-01  9.63083628e-05  6.15040167e-01  9.63083628e-05  1.80000000e+00  9.63083628e-05  3.68508740e-04  9.63083628e-05  6.15700790e-01  9.63083628e-05  1.17192633e+00  9.63083628e-05  1.18021501e+00                                 
 9.64973404e-05  6.86846642e-01  9.64973404e-05  6.16194973e-01  9.64973404e-05  6.15202586e-01  9.64973404e-05  1.80000000e+00  9.64973404e-05 -3.48717696e-04  9.64973404e-05  6.15644634e-01  9.64973404e-05  1.17186424e+00  9.64973404e-05  1.18020507e+00                                 
 9.68752957e-05  6.86851565e-01  9.68752957e-05  6.16196878e-01  9.68752957e-05  6.15045461e-01  9.68752957e-05  1.80000000e+00  9.68752957e-05  3.68389132e-04  9.68752957e-05  6.15700790e-01  9.68752957e-05  1.17191616e+00  9.68752957e-05  1.18020483e+00                                 
 9.76312064e-05  6.86846673e-01  9.76312064e-05  6.16194973e-01  9.76312064e-05  6.15200437e-01  9.76312064e-05  1.80000000e+00  9.76312064e-05 -3.48657950e-04  9.76312064e-05  6.15644634e-01  9.76312064e-05  1.17184391e+00  9.76312064e-05  1.18018473e+00                                 
 9.88312064e-05  6.86851547e-01  9.88312064e-05  6.16196878e-01  9.88312064e-05  6.15046568e-01  9.88312064e-05  1.80000000e+00  9.88312064e-05  3.68356661e-04  9.88312064e-05  6.15700789e-01  9.88312064e-05  1.17188109e+00  9.88312064e-05  1.18016975e+00                                 
 1.00031206e-04  6.86846686e-01  1.00031206e-04  6.16194973e-01  1.00031206e-04  6.15199128e-01  1.00031206e-04  1.80000000e+00  1.00031206e-04 -3.48632869e-04  1.00031206e-04  6.15644634e-01  1.00031206e-04  1.17180086e+00  1.00031206e-04  1.18014167e+00                                 
 1.01231206e-04  6.86851534e-01  1.01231206e-04  6.16196878e-01  1.01231206e-04  6.15047368e-01  1.01231206e-04  1.80000000e+00  1.01231206e-04  3.68331568e-04  1.01231206e-04  6.15700789e-01  1.01231206e-04  1.17183799e+00  1.01231206e-04  1.18012664e+00                                 
 1.02001000e-04  6.86846703e-01  1.02001000e-04  6.16194974e-01  1.02001000e-04  6.15325180e-01  1.02001000e-04  1.80000000e+00  1.02001000e-04 -3.49649345e-04  1.02001000e-04  6.15644642e-01  1.02001000e-04  1.17176546e+00  1.02001000e-04  1.18010623e+00                                 
 1.02001100e-04  6.86797632e-01  1.02001100e-04  6.15958652e-01  1.02001100e-04  6.13638992e-01  1.02001100e-04  1.62000000e+00  1.02001100e-04 -1.28260023e-04  1.02001100e-04  6.14162710e-01  1.02001100e-04  1.17051415e+00  1.02001100e-04  1.18009963e+00                                 
 1.02001300e-04  6.86831969e-01  1.02001300e-04  6.15951019e-01  1.02001300e-04  6.13574746e-01  1.02001300e-04  1.26000000e+00  1.02001300e-04  3.22521196e-05  1.02001300e-04  6.13819835e-01  1.02001300e-04  1.17022859e+00  1.02001300e-04  1.18011386e+00                                 
 1.02001647e-04  6.86900931e-01  1.02001647e-04  6.16151714e-01  1.02001647e-04  6.15597317e-01  1.02001647e-04  6.34988557e-01  1.02001647e-04  1.26507918e-02  1.02001647e-04  6.14063670e-01  1.02001647e-04  1.16698001e+00  1.02001647e-04  1.18009077e+00                                 
 1.02002000e-04  6.86831219e-01  1.02002000e-04  6.15639018e-01  1.02002000e-04  6.36922462e-01  1.02002000e-04  0.00000000e+00  1.02002000e-04  1.61266001e+00  1.02002000e-04  6.09302551e-01  1.02002000e-04  1.03463771e+00  1.02002000e-04  1.17965620e+00                                 
 1.02002047e-04  6.86848034e-01  1.02002047e-04  6.14993401e-01  1.02002047e-04  6.45634285e-01  1.02002047e-04  0.00000000e+00  1.02002047e-04  1.73278348e+00  1.02002047e-04  6.01937718e-01  1.02002047e-04  9.74812349e-01  1.02002047e-04  1.17945536e+00                                 
 1.02002140e-04  6.86850951e-01  1.02002140e-04  6.14055583e-01  1.02002140e-04  6.51629076e-01  1.02002140e-04  0.00000000e+00  1.02002140e-04  1.81524455e+00  1.02002140e-04  5.91331313e-01  1.02002140e-04  8.55186102e-01  1.02002140e-04  1.17963719e+00                                 
 1.02002305e-04  6.86846806e-01  1.02002305e-04  6.14291776e-01  1.02002305e-04  6.38408909e-01  1.02002305e-04  0.00000000e+00  1.02002305e-04  1.78834939e+00  1.02002305e-04  5.94447968e-01  1.02002305e-04  7.12107505e-01  1.02002305e-04  1.18039073e+00                                 
 1.02002477e-04  6.86849336e-01  1.02002477e-04  6.15181374e-01  1.02002477e-04  6.26915510e-01  1.02002477e-04  0.00000000e+00  1.02002477e-04  1.80552829e+00  1.02002477e-04  6.04280429e-01  1.02002477e-04  6.53367566e-01  1.02002477e-04  1.18047364e+00                                 
 1.02002627e-04  6.86846572e-01  1.02002627e-04  6.15662576e-01  1.02002627e-04  6.21276814e-01  1.02002627e-04  0.00000000e+00  1.02002627e-04  1.79709105e+00  1.02002627e-04  6.08778166e-01  1.02002627e-04  6.31921105e-01  1.02002627e-04  1.18034800e+00                                 
 1.02002819e-04  6.86849221e-01  1.02002819e-04  6.16149531e-01  1.02002819e-04  6.17819724e-01  1.02002819e-04  0.00000000e+00  1.02002819e-04  1.80181202e+00  1.02002819e-04  6.13360742e-01  1.02002819e-04  6.22276153e-01  1.02002819e-04  1.17956953e+00                                 
 1.02003051e-04  6.86847179e-01  1.02003051e-04  6.16345106e-01  1.02003051e-04  6.16595026e-01  1.02003051e-04  0.00000000e+00  1.02003051e-04  1.79887378e+00  1.02003051e-04  6.14777210e-01  1.02003051e-04  6.17457997e-01  1.02003051e-04  1.17839016e+00                                 
 1.02003394e-04  6.86849542e-01  1.02003394e-04  6.16501992e-01  1.02003394e-04  6.16442864e-01  1.02003394e-04  0.00000000e+00  1.02003394e-04  1.80089228e+00  1.02003394e-04  6.16258761e-01  1.02003394e-04  6.16767133e-01  1.02003394e-04  1.17616794e+00                                 
 1.02003890e-04  6.86847829e-01  1.02003890e-04  6.16479195e-01  1.02003890e-04  6.17672202e-01  1.02003890e-04  0.00000000e+00  1.02003890e-04  1.79929248e+00  1.02003890e-04  6.16163722e-01  1.02003890e-04  6.17166240e-01  1.02003890e-04  1.17270566e+00                                 
 1.02004712e-04  6.86849899e-01  1.02004712e-04  6.16474487e-01  1.02004712e-04  6.19856282e-01  1.02004712e-04  0.00000000e+00  1.02004712e-04  1.80065436e+00  1.02004712e-04  6.16660940e-01  1.02004712e-04  6.19831108e-01  1.02004712e-04  1.16647097e+00                                 
 1.02006217e-04  6.86848157e-01  1.02006217e-04  6.16374991e-01  1.02006217e-04  6.24505534e-01  1.02006217e-04  0.00000000e+00  1.02006217e-04  1.79941181e+00  1.02006217e-04  6.16340291e-01  1.02006217e-04  6.23942693e-01  1.02006217e-04  1.15453474e+00                                 
 1.02009228e-04  6.86850001e-01  1.02009228e-04  6.16287523e-01  1.02009228e-04  6.33442037e-01  1.02009228e-04  0.00000000e+00  1.02009228e-04  1.80059467e+00  1.02009228e-04  6.16587068e-01  1.02009228e-04  6.33370540e-01  1.02009228e-04  1.12953315e+00                                 
 1.02015249e-04  6.86848210e-01  1.02015249e-04  6.16169257e-01  1.02015249e-04  6.51274688e-01  1.02015249e-04  0.00000000e+00  1.02015249e-04  1.79943927e+00  1.02015249e-04  6.16029328e-01  1.02015249e-04  6.50655915e-01  1.02015249e-04  1.07846683e+00                                 
 1.02024359e-04  6.86850003e-01  1.02024359e-04  6.16200779e-01  1.02024359e-04  6.76973544e-01  1.02024359e-04  0.00000000e+00  1.02024359e-04  1.80057860e+00  1.02024359e-04  6.16129866e-01  1.02024359e-04  6.76864256e-01  1.02024359e-04  1.00025394e+00                                 
 1.02037610e-04  6.86848219e-01  1.02037610e-04  6.16177556e-01  1.02037610e-04  7.12719636e-01  1.02037610e-04  0.00000000e+00  1.02037610e-04  1.79944814e+00  1.02037610e-04  6.15615182e-01  1.02037610e-04  7.11977684e-01  1.02037610e-04  8.92927576e-01                                 
 1.02052361e-04  6.86850004e-01  1.02052361e-04  6.16208837e-01  1.02052361e-04  7.49593873e-01  1.02052361e-04  0.00000000e+00  1.02052361e-04  1.80056931e+00  1.02052361e-04  6.15874136e-01  1.02052361e-04  7.49496061e-01  1.02052361e-04  8.10310381e-01                                 
 1.02070711e-04  6.86848223e-01  1.02070711e-04  6.16181240e-01  1.02070711e-04  7.92130767e-01  1.02070711e-04  0.00000000e+00  1.02070711e-04  1.79945272e+00  1.02070711e-04  6.15504767e-01  1.02070711e-04  7.91263254e-01  1.02070711e-04  7.81983349e-01                                 
 1.02088452e-04  6.86850003e-01  1.02088452e-04  6.16210184e-01  1.02088452e-04  8.29322202e-01  1.02088452e-04  0.00000000e+00  1.02088452e-04  1.80056152e+00  1.02088452e-04  6.15834547e-01  1.02088452e-04  8.29336045e-01  1.02088452e-04  8.04730869e-01                                 
 1.02103069e-04  6.86848226e-01  1.02103069e-04  6.16181488e-01  1.02103069e-04  8.57713311e-01  1.02103069e-04  0.00000000e+00  1.02103069e-04  1.79945739e+00  1.02103069e-04  6.15493256e-01  1.02103069e-04  8.56639478e-01  1.02103069e-04  8.32032398e-01                                 
 1.02120097e-04  6.86850000e-01  1.02120097e-04  6.16210464e-01  1.02120097e-04  8.87767096e-01  1.02120097e-04  0.00000000e+00  1.02120097e-04  1.80055358e+00  1.02120097e-04  6.15835836e-01  1.02120097e-04  8.87834084e-01  1.02120097e-04  8.62487124e-01                                 
 1.02140351e-04  6.86848229e-01  1.02140351e-04  6.16181295e-01  1.02140351e-04  9.20384001e-01  1.02140351e-04  0.00000000e+00  1.02140351e-04  1.79946419e+00  1.02140351e-04  6.15490397e-01  1.02140351e-04  9.19019642e-01  1.02140351e-04  8.96605558e-01                                 
 1.02180859e-04  6.86849998e-01  1.02180859e-04  6.16210728e-01  1.02180859e-04  9.75142196e-01  1.02180859e-04  0.00000000e+00  1.02180859e-04  1.80054766e+00  1.02180859e-04  6.15841049e-01  1.02180859e-04  9.75425738e-01  1.02180859e-04  9.54957548e-01                                 
 1.02261876e-04  6.86848229e-01  1.02261876e-04  6.16181189e-01  1.02261876e-04  1.05379392e+00  1.02261876e-04  0.00000000e+00  1.02261876e-04  1.79946531e+00  1.02261876e-04  6.15492894e-01  1.02261876e-04  1.05270813e+00  1.02261876e-04  1.04279210e+00                                 
 1.02423908e-04  6.86849998e-01  1.02423908e-04  6.16210804e-01  1.02423908e-04  1.13338904e+00  1.02423908e-04  0.00000000e+00  1.02423908e-04  1.80054305e+00  1.02423908e-04  6.15847624e-01  1.02423908e-04  1.13411558e+00  1.02423908e-04  1.13505024e+00                                 
 1.02603259e-04  6.86848229e-01  1.02603259e-04  6.16181025e-01  1.02603259e-04  1.16188041e+00  1.02603259e-04  0.00000000e+00  1.02603259e-04  1.79945763e+00  1.02603259e-04  6.15495464e-01  1.02603259e-04  1.16106438e+00  1.02603259e-04  1.16815415e+00                                 
 1.02848089e-04  6.86849997e-01  1.02848089e-04  6.16210837e-01  1.02848089e-04  1.17124437e+00  1.02848089e-04  0.00000000e+00  1.02848089e-04  1.80054193e+00  1.02848089e-04  6.15849511e-01  1.02848089e-04  1.17199880e+00  1.02848089e-04  1.17935871e+00                                 
 1.03128591e-04  6.86848230e-01  1.03128591e-04  6.16181047e-01  1.03128591e-04  1.17275610e+00  1.03128591e-04  0.00000000e+00  1.03128591e-04  1.79946092e+00  1.03128591e-04  6.15496226e-01  1.03128591e-04  1.17210778e+00  1.03128591e-04  1.18110690e+00                                 
 1.03646103e-04  6.86849997e-01  1.03646103e-04  6.16210861e-01  1.03646103e-04  1.17267873e+00  1.03646103e-04  0.00000000e+00  1.03646103e-04  1.80054165e+00  1.03646103e-04  6.15849860e-01  1.03646103e-04  1.17342970e+00  1.03646103e-04  1.18103786e+00                                 
 1.04526950e-04  6.86848230e-01  1.04526950e-04  6.16181065e-01  1.04526950e-04  1.17283449e+00  1.04526950e-04  0.00000000e+00  1.04526950e-04  1.79946281e+00  1.04526950e-04  6.15496432e-01  1.04526950e-04  1.17212027e+00  1.04526950e-04  1.18117068e+00                                 
 1.05726950e-04  6.86849997e-01  1.05726950e-04  6.16210870e-01  1.05726950e-04  1.17266632e+00  1.05726950e-04  0.00000000e+00  1.05726950e-04  1.80054156e+00  1.05726950e-04  6.15849976e-01  1.05726950e-04  1.17341552e+00  1.05726950e-04  1.18101873e+00                                 
 1.06926950e-04  6.86848230e-01  1.06926950e-04  6.16181019e-01  1.06926950e-04  1.17282847e+00  1.06926950e-04  0.00000000e+00  1.06926950e-04  1.79946074e+00  1.06926950e-04  6.15495891e-01  1.06926950e-04  1.17209862e+00  1.06926950e-04  1.18114248e+00                                 
 1.08000000e-04  6.86849997e-01  1.08000000e-04  6.16210920e-01  1.08000000e-04  1.17267493e+00  1.08000000e-04  0.00000000e+00  1.08000000e-04  1.80054529e+00  1.08000000e-04  6.15850531e-01  1.08000000e-04  1.17343777e+00  1.08000000e-04  1.18104841e+00                                 
 1.08000100e-04  6.86874422e-01  1.08000100e-04  6.16366264e-01  1.08000100e-04  1.17406725e+00  1.08000100e-04  1.80000000e-01  1.08000100e-04  1.80027876e+00  1.08000100e-04  6.17130550e-01  1.08000100e-04  1.17444105e+00  1.08000100e-04  1.18108646e+00                                 
 1.08000300e-04  6.86856587e-01  1.08000300e-04  6.16386677e-01  1.08000300e-04  1.17377593e+00  1.08000300e-04  5.40000000e-01  1.08000300e-04  1.79987516e+00  1.08000300e-04  6.17429451e-01  1.08000300e-04  1.17445985e+00  1.08000300e-04  1.18109592e+00                                 
 1.08000625e-04  6.86790100e-01  1.08000625e-04  6.15792782e-01  1.08000625e-04  1.17112505e+00  1.08000625e-04  1.12542136e+00  1.08000625e-04  1.80228802e+00  1.08000625e-04  6.12548975e-01  1.08000625e-04  1.17243717e+00  1.08000625e-04  1.18110995e+00                                 
 1.08000955e-04  6.87149394e-01  1.08000955e-04  6.16310435e-01  1.08000955e-04  1.15991471e+00  1.08000955e-04  1.71976143e+00  1.08000955e-04  1.37441135e-01  1.08000955e-04  6.15821027e-01  1.08000955e-04  1.17278830e+00  1.08000955e-04  1.18114746e+00                                 
 1.08001000e-04  6.87424322e-01  1.08001000e-04  6.16601654e-01  1.08001000e-04  1.15581847e+00  1.08001000e-04  1.80000000e+00  1.08001000e-04 -1.99222482e-02  1.08001000e-04  6.18778285e-01  1.08001000e-04  1.17402171e+00  1.08001000e-04  1.18116823e+00                                 
 1.08001017e-04  6.87477389e-01  1.08001017e-04  6.16535583e-01  1.08001017e-04  1.15388363e+00  1.08001017e-04  1.80000000e+00  1.08001017e-04 -7.45614042e-03  1.08001017e-04  6.18329486e-01  1.08001017e-04  1.17391885e+00  1.08001017e-04  1.18115503e+00                                 
 1.08001050e-04  6.87554730e-01  1.08001050e-04  6.16398241e-01  1.08001050e-04  1.15102356e+00  1.08001050e-04  1.80000000e+00  1.08001050e-04  2.15912399e-03  1.08001050e-04  6.17115106e-01  1.08001050e-04  1.17314799e+00  1.08001050e-04  1.18112998e+00                                 
 1.08001116e-04  6.87640660e-01  1.08001116e-04  6.16254867e-01  1.08001116e-04  1.14926957e+00  1.08001116e-04  1.80000000e+00  1.08001116e-04 -6.55025995e-04  1.08001116e-04  6.15835281e-01  1.08001116e-04  1.17206417e+00  1.08001116e-04  1.18113629e+00                                 
 1.08001249e-04  6.87682494e-01  1.08001249e-04  6.16232725e-01  1.08001249e-04  1.14901973e+00  1.08001249e-04  1.80000000e+00  1.08001249e-04  6.96812275e-04  1.08001249e-04  6.15910587e-01  1.08001249e-04  1.17214200e+00  1.08001249e-04  1.18115457e+00                                 
 1.08001479e-04  6.87550677e-01  1.08001479e-04  6.16205753e-01  1.08001479e-04  1.14926353e+00  1.08001479e-04  1.80000000e+00  1.08001479e-04 -5.62351498e-04  1.08001479e-04  6.15751604e-01  1.08001479e-04  1.17198707e+00  1.08001479e-04  1.18115431e+00                                 
 1.08001758e-04  6.87330445e-01  1.08001758e-04  6.16200963e-01  1.08001758e-04  1.14993928e+00  1.08001758e-04  1.80000000e+00  1.08001758e-04  4.25047542e-04  1.08001758e-04  6.15810813e-01  1.08001758e-04  1.17205173e+00  1.08001758e-04  1.18116592e+00                                 
 1.08002203e-04  6.87047721e-01  1.08002203e-04  6.16194808e-01  1.08002203e-04  1.14967633e+00  1.08002203e-04  1.80000000e+00  1.08002203e-04 -4.46433433e-04  1.08002203e-04  6.15728460e-01  1.08002203e-04  1.17196886e+00  1.08002203e-04  1.18115622e+00                                 
 1.08002954e-04  6.86804399e-01  1.08002954e-04  6.16195962e-01  1.08002954e-04  1.14749634e+00  1.08002954e-04  1.80000000e+00  1.08002954e-04  3.74194813e-04  1.08002954e-04  6.15775708e-01  1.08002954e-04  1.17202192e+00  1.08002954e-04  1.18114829e+00                                 
 1.08004457e-04  6.86674585e-01  1.08004457e-04  6.16190994e-01  1.08004457e-04  1.13923778e+00  1.08004457e-04  1.80000000e+00  1.08004457e-04 -3.95375376e-04  1.08004457e-04  6.15678809e-01  1.08004457e-04  1.17192829e+00  1.08004457e-04  1.18109595e+00                                 
 1.08007343e-04  6.86729571e-01  1.08007343e-04  6.16193871e-01  1.08007343e-04  1.11931320e+00  1.08007343e-04  1.80000000e+00  1.08007343e-04  3.74142712e-04  1.08007343e-04  6.15707166e-01  1.08007343e-04  1.17196205e+00  1.08007343e-04  1.18100507e+00                                 
 1.08011538e-04  6.86806724e-01  1.08011538e-04  6.16193293e-01  1.08011538e-04  1.08621362e+00  1.08011538e-04  1.80000000e+00  1.08011538e-04 -3.77551969e-04  1.08011538e-04  6.15629571e-01  1.08011538e-04  1.17187972e+00  1.08011538e-04  1.18086851e+00                                 
 1.08016324e-04  6.86848939e-01  1.08016324e-04  6.16197011e-01  1.08016324e-04  1.04545165e+00  1.08016324e-04  1.80000000e+00  1.08016324e-04  3.70794692e-04  1.08016324e-04  6.15689333e-01  1.08016324e-04  1.17193711e+00  1.08016324e-04  1.18075072e+00                                 
 1.08021459e-04  6.86854740e-01  1.08021459e-04  6.16194655e-01  1.08021459e-04  1.00065621e+00  1.08021459e-04  1.80000000e+00  1.08021459e-04 -3.69431455e-04  1.08021459e-04  6.15628567e-01  1.08021459e-04  1.17187032e+00  1.08021459e-04  1.18063543e+00                                 
 1.08028190e-04  6.86858672e-01  1.08028190e-04  6.16197345e-01  1.08028190e-04  9.41967931e-01  1.08028190e-04  1.80000000e+00  1.08028190e-04  3.66489781e-04  1.08028190e-04  6.15691397e-01  1.08028190e-04  1.17193125e+00  1.08028190e-04  1.18053150e+00                                 
 1.08037754e-04  6.86853581e-01  1.08037754e-04  6.16194612e-01  1.08037754e-04  8.59160015e-01  1.08037754e-04  1.80000000e+00  1.08037754e-04 -3.64292348e-04  1.08037754e-04  6.15630664e-01  1.08037754e-04  1.17186510e+00  1.08037754e-04  1.18041374e+00                                 
 1.08050981e-04  6.86855653e-01  1.08050981e-04  6.16197227e-01  1.08050981e-04  7.49868980e-01  1.08050981e-04  1.80000000e+00  1.08050981e-04  3.66441626e-04  1.08050981e-04  6.15690990e-01  1.08050981e-04  1.17192479e+00  1.08050981e-04  1.18032550e+00                                 
 1.08065061e-04  6.86849661e-01  1.08065061e-04  6.16195343e-01  1.08065061e-04  6.65621787e-01  1.08065061e-04  1.80000000e+00  1.08065061e-04 -3.55924761e-04  1.08065061e-04  6.15648054e-01  1.08065061e-04  1.17187581e+00  1.08065061e-04  1.18026679e+00                                 
 1.08082855e-04  6.86850586e-01  1.08082855e-04  6.16196781e-01  1.08082855e-04  6.26250104e-01  1.08082855e-04  1.80000000e+00  1.08082855e-04  3.71573602e-04  1.08082855e-04  6.15707559e-01  1.08082855e-04  1.17193668e+00  1.08082855e-04  1.18024502e+00                                 
 1.08098081e-04  6.86844067e-01  1.08098081e-04  6.16194880e-01  1.08098081e-04  6.19187921e-01  1.08098081e-04  1.80000000e+00  1.08098081e-04 -3.51677937e-04  1.08098081e-04  6.15647189e-01  1.08098081e-04  1.17187385e+00  1.08098081e-04  1.18022729e+00                                 
 1.08115547e-04  6.86852336e-01  1.08115547e-04  6.16196871e-01  1.08115547e-04  6.15946894e-01  1.08115547e-04  1.80000000e+00  1.08115547e-04  3.70270249e-04  1.08115547e-04  6.15702002e-01  1.08115547e-04  1.17193100e+00  1.08115547e-04  1.18022617e+00                                 
 1.08132575e-04  6.86845935e-01  1.08132575e-04  6.16194955e-01  1.08132575e-04  6.15532844e-01  1.08132575e-04  1.80000000e+00  1.08132575e-04 -3.49736063e-04  1.08132575e-04  6.15645020e-01  1.08132575e-04  1.17187116e+00  1.08132575e-04  1.18021551e+00                                 
 1.08166630e-04  6.86851901e-01  1.08166630e-04  6.16196881e-01  1.08166630e-04  6.15006209e-01  1.08166630e-04  1.80000000e+00  1.08166630e-04  3.68988637e-04  1.08166630e-04  6.15700797e-01  1.08166630e-04  1.17192888e+00  1.08166630e-04  1.18021826e+00                                 
 1.08213874e-04  6.86846513e-01  1.08213874e-04  6.16194973e-01  1.08213874e-04  6.15212406e-01  1.08213874e-04  1.80000000e+00  1.08213874e-04 -3.48956905e-04  1.08213874e-04  6.15644633e-01  1.08213874e-04  1.17186929e+00  1.08213874e-04  1.18021012e+00                                 
 1.08308363e-04  6.86851627e-01  1.08308363e-04  6.16196879e-01  1.08308363e-04  6.15040167e-01  1.08308363e-04  1.80000000e+00  1.08308363e-04  3.68508668e-04  1.08308363e-04  6.15700790e-01  1.08308363e-04  1.17192630e+00  1.08308363e-04  1.18021498e+00                                 
 1.08497340e-04  6.86846642e-01  1.08497340e-04  6.16194973e-01  1.08497340e-04  6.15202586e-01  1.08497340e-04  1.80000000e+00  1.08497340e-04 -3.48717625e-04  1.08497340e-04  6.15644634e-01  1.08497340e-04  1.17186420e+00  1.08497340e-04  1.18020503e+00                                 
 1.08875296e-04  6.86851564e-01  1.08875296e-04  6.16196878e-01  1.08875296e-04  6.15045461e-01  1.08875296e-04  1.80000000e+00  1.08875296e-04  3.68389060e-04  1.08875296e-04  6.15700790e-01  1.08875296e-04  1.17191613e+00  1.08875296e-04  1.18020480e+00                                 
 1.09631206e-04  6.86846673e-01  1.09631206e-04  6.16194973e-01  1.09631206e-04  6.15200437e-01  1.09631206e-04  1.80000000e+00  1.09631206e-04 -3.48657878e-04  1.09631206e-04  6.15644634e-01  1.09631206e-04  1.17184389e+00  1.09631206e-04  1.18018471e+00                                 
 1.10831206e-04  6.86851547e-01  1.10831206e-04  6.16196878e-01  1.10831206e-04  6.15046568e-01  1.10831206e-04  1.80000000e+00  1.10831206e-04  3.68356589e-04  1.10831206e-04  6.15700789e-01  1.10831206e-04  1.17188108e+00  1.10831206e-04  1.18016974e+00                                 
 1.12031206e-04  6.86846686e-01  1.12031206e-04  6.16194973e-01  1.12031206e-04  6.15199128e-01  1.12031206e-04  1.80000000e+00  1.12031206e-04 -3.48632797e-04  1.12031206e-04  6.15644634e-01  1.12031206e-04  1.17180087e+00  1.12031206e-04  1.18014168e+00                                 
 1.13231206e-04  6.86851534e-01  1.13231206e-04  6.16196878e-01  1.13231206e-04  6.15047368e-01  1.13231206e-04  1.80000000e+00  1.13231206e-04  3.68331496e-04  1.13231206e-04  6.15700789e-01  1.13231206e-04  1.17183803e+00  1.13231206e-04  1.18012667e+00                                 
 1.14001000e-04  6.86846703e-01  1.14001000e-04  6.16194974e-01  1.14001000e-04  6.15325180e-01  1.14001000e-04  1.80000000e+00  1.14001000e-04 -3.49649273e-04  1.14001000e-04  6.15644642e-01  1.14001000e-04  1.17176549e+00  1.14001000e-04  1.18010626e+00                                 
 1.14001100e-04  6.86797631e-01  1.14001100e-04  6.15958652e-01  1.14001100e-04  6.13638993e-01  1.14001100e-04  1.62000000e+00  1.14001100e-04 -1.28260017e-04  1.14001100e-04  6.14162710e-01  1.14001100e-04  1.17051418e+00  1.14001100e-04  1.18009966e+00                                 
 1.14001300e-04  6.86831969e-01  1.14001300e-04  6.15951019e-01  1.14001300e-04  6.13574746e-01  1.14001300e-04  1.26000000e+00  1.14001300e-04  3.22521150e-05  1.14001300e-04  6.13819835e-01  1.14001300e-04  1.17022863e+00  1.14001300e-04  1.18011389e+00                                 
 1.14001647e-04  6.86900931e-01  1.14001647e-04  6.16151714e-01  1.14001647e-04  6.15597317e-01  1.14001647e-04  6.34988557e-01  1.14001647e-04  1.26507920e-02  1.14001647e-04  6.14063670e-01  1.14001647e-04  1.16698004e+00  1.14001647e-04  1.18009080e+00                                 
 1.14002000e-04  6.86831219e-01  1.14002000e-04  6.15639018e-01  1.14002000e-04  6.36922464e-01  1.14002000e-04  0.00000000e+00  1.14002000e-04  1.61266001e+00  1.14002000e-04  6.09302551e-01  1.14002000e-04  1.03463773e+00  1.14002000e-04  1.17965623e+00                                 
 1.14002047e-04  6.86848034e-01  1.14002047e-04  6.14993401e-01  1.14002047e-04  6.45634287e-01  1.14002047e-04  0.00000000e+00  1.14002047e-04  1.73278348e+00  1.14002047e-04  6.01937717e-01  1.14002047e-04  9.74812371e-01  1.14002047e-04  1.17945539e+00                                 
 1.14002140e-04  6.86850951e-01  1.14002140e-04  6.14055583e-01  1.14002140e-04  6.51629078e-01  1.14002140e-04  0.00000000e+00  1.14002140e-04  1.81524455e+00  1.14002140e-04  5.91331312e-01  1.14002140e-04  8.55186119e-01  1.14002140e-04  1.17963722e+00                                 
 1.14002305e-04  6.86846806e-01  1.14002305e-04  6.14291776e-01  1.14002305e-04  6.38408911e-01  1.14002305e-04  0.00000000e+00  1.14002305e-04  1.78834939e+00  1.14002305e-04  5.94447967e-01  1.14002305e-04  7.12107513e-01  1.14002305e-04  1.18039076e+00                                 
 1.14002477e-04  6.86849336e-01  1.14002477e-04  6.15181374e-01  1.14002477e-04  6.26915511e-01  1.14002477e-04  0.00000000e+00  1.14002477e-04  1.80552829e+00  1.14002477e-04  6.04280429e-01  1.14002477e-04  6.53367569e-01  1.14002477e-04  1.18047367e+00                                 
 1.14002627e-04  6.86846572e-01  1.14002627e-04  6.15662576e-01  1.14002627e-04  6.21276815e-01  1.14002627e-04  0.00000000e+00  1.14002627e-04  1.79709105e+00  1.14002627e-04  6.08778166e-01  1.14002627e-04  6.31921107e-01  1.14002627e-04  1.18034803e+00                                 
 1.14002819e-04  6.86849221e-01  1.14002819e-04  6.16149531e-01  1.14002819e-04  6.17819725e-01  1.14002819e-04  0.00000000e+00  1.14002819e-04  1.80181202e+00  1.14002819e-04  6.13360742e-01  1.14002819e-04  6.22276154e-01  1.14002819e-04  1.17956956e+00                                 
 1.14003051e-04  6.86847179e-01  1.14003051e-04  6.16345106e-01  1.14003051e-04  6.16595026e-01  1.14003051e-04  0.00000000e+00  1.14003051e-04  1.79887378e+00  1.14003051e-04  6.14777210e-01  1.14003051e-04  6.17457998e-01  1.14003051e-04  1.17839019e+00                                 
 1.14003394e-04  6.86849542e-01  1.14003394e-04  6.16501992e-01  1.14003394e-04  6.16442864e-01  1.14003394e-04  0.00000000e+00  1.14003394e-04  1.80089228e+00  1.14003394e-04  6.16258761e-01  1.14003394e-04  6.16767134e-01  1.14003394e-04  1.17616797e+00                                 
 1.14003890e-04  6.86847829e-01  1.14003890e-04  6.16479195e-01  1.14003890e-04  6.17672202e-01  1.14003890e-04  0.00000000e+00  1.14003890e-04  1.79929248e+00  1.14003890e-04  6.16163722e-01  1.14003890e-04  6.17166241e-01  1.14003890e-04  1.17270570e+00                                 
 1.14004712e-04  6.86849899e-01  1.14004712e-04  6.16474487e-01  1.14004712e-04  6.19856282e-01  1.14004712e-04  0.00000000e+00  1.14004712e-04  1.80065436e+00  1.14004712e-04  6.16660940e-01  1.14004712e-04  6.19831109e-01  1.14004712e-04  1.16647100e+00                                 
 1.14006217e-04  6.86848157e-01  1.14006217e-04  6.16374991e-01  1.14006217e-04  6.24505535e-01  1.14006217e-04  0.00000000e+00  1.14006217e-04  1.79941181e+00  1.14006217e-04  6.16340291e-01  1.14006217e-04  6.23942693e-01  1.14006217e-04  1.15453477e+00                                 
 1.14009228e-04  6.86850001e-01  1.14009228e-04  6.16287523e-01  1.14009228e-04  6.33442037e-01  1.14009228e-04  0.00000000e+00  1.14009228e-04  1.80059467e+00  1.14009228e-04  6.16587068e-01  1.14009228e-04  6.33370540e-01  1.14009228e-04  1.12953319e+00                                 
 1.14015249e-04  6.86848210e-01  1.14015249e-04  6.16169257e-01  1.14015249e-04  6.51274687e-01  1.14015249e-04  0.00000000e+00  1.14015249e-04  1.79943927e+00  1.14015249e-04  6.16029329e-01  1.14015249e-04  6.50655914e-01  1.14015249e-04  1.07846686e+00                                 
 1.14024359e-04  6.86850003e-01  1.14024359e-04  6.16200779e-01  1.14024359e-04  6.76973542e-01  1.14024359e-04  0.00000000e+00  1.14024359e-04  1.80057860e+00  1.14024359e-04  6.16129866e-01  1.14024359e-04  6.76864254e-01  1.14024359e-04  1.00025398e+00                                 
 1.14037610e-04  6.86848219e-01  1.14037610e-04  6.16177555e-01  1.14037610e-04  7.12719635e-01  1.14037610e-04  0.00000000e+00  1.14037610e-04  1.79944814e+00  1.14037610e-04  6.15615182e-01  1.14037610e-04  7.11977682e-01  1.14037610e-04  8.92927609e-01                                 
 1.14052361e-04  6.86850004e-01  1.14052361e-04  6.16208836e-01  1.14052361e-04  7.49593872e-01  1.14052361e-04  0.00000000e+00  1.14052361e-04  1.80056931e+00  1.14052361e-04  6.15874136e-01  1.14052361e-04  7.49496060e-01  1.14052361e-04  8.10310402e-01                                 
 1.14070711e-04  6.86848223e-01  1.14070711e-04  6.16181241e-01  1.14070711e-04  7.92130770e-01  1.14070711e-04  0.00000000e+00  1.14070711e-04  1.79945272e+00  1.14070711e-04  6.15504767e-01  1.14070711e-04  7.91263257e-01  1.14070711e-04  7.81983355e-01                                 
 1.14088452e-04  6.86850003e-01  1.14088452e-04  6.16210184e-01  1.14088452e-04  8.29322215e-01  1.14088452e-04  0.00000000e+00  1.14088452e-04  1.80056152e+00  1.14088452e-04  6.15834547e-01  1.14088452e-04  8.29336057e-01  1.14088452e-04  8.04730880e-01                                 
 1.14103069e-04  6.86848226e-01  1.14103069e-04  6.16181488e-01  1.14103069e-04  8.57713322e-01  1.14103069e-04  0.00000000e+00  1.14103069e-04  1.79945739e+00  1.14103069e-04  6.15493256e-01  1.14103069e-04  8.56639489e-01  1.14103069e-04  8.32032410e-01                                 
 1.14120097e-04  6.86850000e-01  1.14120097e-04  6.16210464e-01  1.14120097e-04  8.87767105e-01  1.14120097e-04  0.00000000e+00  1.14120097e-04  1.80055358e+00  1.14120097e-04  6.15835836e-01  1.14120097e-04  8.87834093e-01  1.14120097e-04  8.62487133e-01                                 
 1.14140351e-04  6.86848229e-01  1.14140351e-04  6.16181295e-01  1.14140351e-04  9.20384004e-01  1.14140351e-04  0.00000000e+00  1.14140351e-04  1.79946419e+00  1.14140351e-04  6.15490397e-01  1.14140351e-04  9.19019645e-01  1.14140351e-04  8.96605561e-01                                 
 1.14180859e-04  6.86849998e-01  1.14180859e-04  6.16210728e-01  1.14180859e-04  9.75142189e-01  1.14180859e-04  0.00000000e+00  1.14180859e-04  1.80054766e+00  1.14180859e-04  6.15841049e-01  1.14180859e-04  9.75425731e-01  1.14180859e-04  9.54957540e-01                                 
 1.14261876e-04  6.86848229e-01  1.14261876e-04  6.16181189e-01  1.14261876e-04  1.05379390e+00  1.14261876e-04  0.00000000e+00  1.14261876e-04  1.79946531e+00  1.14261876e-04  6.15492894e-01  1.14261876e-04  1.05270812e+00  1.14261876e-04  1.04279208e+00                                 
 1.14423908e-04  6.86849998e-01  1.14423908e-04  6.16210805e-01  1.14423908e-04  1.13338902e+00  1.14423908e-04  0.00000000e+00  1.14423908e-04  1.80054305e+00  1.14423908e-04  6.15847625e-01  1.14423908e-04  1.13411556e+00  1.14423908e-04  1.13505021e+00                                 
 1.14603259e-04  6.86848229e-01  1.14603259e-04  6.16181025e-01  1.14603259e-04  1.16188039e+00  1.14603259e-04  0.00000000e+00  1.14603259e-04  1.79945763e+00  1.14603259e-04  6.15495464e-01  1.14603259e-04  1.16106436e+00  1.14603259e-04  1.16815414e+00                                 
 1.14848088e-04  6.86849998e-01  1.14848088e-04  6.16210838e-01  1.14848088e-04  1.17124435e+00  1.14848088e-04  0.00000000e+00  1.14848088e-04  1.80054193e+00  1.14848088e-04  6.15849511e-01  1.14848088e-04  1.17199879e+00  1.14848088e-04  1.17935869e+00                                 
 1.15128591e-04  6.86848230e-01  1.15128591e-04  6.16181047e-01  1.15128591e-04  1.17275608e+00  1.15128591e-04  0.00000000e+00  1.15128591e-04  1.79946092e+00  1.15128591e-04  6.15496225e-01  1.15128591e-04  1.17210776e+00  1.15128591e-04  1.18110689e+00                                 
 1.15646103e-04  6.86849997e-01  1.15646103e-04  6.16210861e-01  1.15646103e-04  1.17267872e+00  1.15646103e-04  0.00000000e+00  1.15646103e-04  1.80054165e+00  1.15646103e-04  6.15849860e-01  1.15646103e-04  1.17342969e+00  1.15646103e-04  1.18103785e+00                                 
 1.16526950e-04  6.86848230e-01  1.16526950e-04  6.16181065e-01  1.16526950e-04  1.17283448e+00  1.16526950e-04  0.00000000e+00  1.16526950e-04  1.79946281e+00  1.16526950e-04  6.15496432e-01  1.16526950e-04  1.17212026e+00  1.16526950e-04  1.18117067e+00                                 
 1.17726950e-04  6.86849997e-01  1.17726950e-04  6.16210871e-01  1.17726950e-04  1.17266635e+00  1.17726950e-04  0.00000000e+00  1.17726950e-04  1.80054156e+00  1.17726950e-04  6.15849976e-01  1.17726950e-04  1.17341555e+00  1.17726950e-04  1.18101875e+00                                 
 1.18926950e-04  6.86848230e-01  1.18926950e-04  6.16181018e-01  1.18926950e-04  1.17282852e+00  1.18926950e-04  0.00000000e+00  1.18926950e-04  1.79946074e+00  1.18926950e-04  6.15495891e-01  1.18926950e-04  1.17209867e+00  1.18926950e-04  1.18114253e+00                                 
 1.20000000e-04  6.86849998e-01  1.20000000e-04  6.16210921e-01  1.20000000e-04  1.17267498e+00  1.20000000e-04  0.00000000e+00  1.20000000e-04  1.80054529e+00  1.20000000e-04  6.15850532e-01  1.20000000e-04  1.17343781e+00  1.20000000e-04  1.18104845e+00                                 
